88801.118552
9375.677895
88814.205711
9381.107824
88851.355240
9391.872231
88914.215556
9407.802294
89001.877913
9429.315139
89114.837912
9456.175125
89253.194542
9488.803929
89417.259363
9526.409607
89607.148286
9569.856007
89823.062339
9618.775806
90065.286187
9673.671485
90333.885912
9734.096363
90629.426391
9800.442031
90952.089718
9872.679069
91302.920172
9951.061451
91681.865252
10035.481055
92089.300660
10126.246689
92526.003783
10223.438952
92992.456984
10327.144814
93489.148718
10437.472874
94016.996591
10554.871861
94576.632040
10679.159892
95168.855410
10810.868235
95794.441258
10949.827031
96454.306363
11096.506117
97149.391269
11250.907519
97880.786920
11413.868056
98649.201193
11584.985455
99456.025740
11764.829621
100302.472472
11953.632419
101190.092163
12151.860434
102119.972111
12359.645950
103093.630763
12577.507543
104112.741353
12805.773698
105178.918040
13044.930356
106294.082620
13295.295409
107460.030895
13557.467610
108678.812507
13831.890109
109952.293364
14119.299699
111284.135078
14419.859639
112675.076357
14734.571592
114128.608999
15063.893786
115647.898174
15408.755433
117235.348662
15769.671144
118894.737175
16147.578394
120629.274855
16543.373296
122443.031390
16958.081024
124340.013833
17392.504133
126324.327728
17847.932765
128401.031772
18325.483022
130575.230484
18826.438431
132852.323186
19352.133939
135237.451854
19904.185690
137738.497741
20484.051943
140361.630313
21093.766283
143114.697275
21734.875937
146005.588934
22409.750021
149043.564960
23120.528714
152238.546288
23870.007960
155600.861283
24660.438277
159142.560090
25495.115140
162876.447898
26377.201065
166816.831765
27310.516656
170979.285014
28298.733258
175380.798767
29346.552779
180040.838745
30458.742193
184980.627224
31640.901125
190223.794768
32898.902596
195796.659256
34239.732709
201728.923856
35670.994379
208053.871178
37201.438252
214809.390633
38840.509986
222037.289265
40599.501081
229786.329411
42490.904815
238111.645209
44529.266241
247076.283346
46730.837099
256753.004547
49115.223221
267226.434142
51703.759244
278593.683432
54523.370696
290970.986870
57603.835428
304492.670257
60981.529007
319320.276487
64699.224354
335645.789677
68808.646898
353701.568761
73372.022570
373769.424539
78466.127214
396197.364312
84185.486635
421417.873983
90648.990904
449975.311536
98005.876069
482564.990956
106450.701905
520091.454850
116236.919987
563749.898817
127702.686706
615154.629900
141311.702898
676541.744770
157714.667726
751098.677554
177854.019420
843530.993555
203150.840038
961087.827396
235847.476679
1115546.840756
279709.962697
1327415.518993
341576.292198
1635839.679499
435299.753274
2126021.539955
593838.063314
3025166.720452
919539.884107
5209640.431489
1969632.723432
18319460.625325
17987757.366807
12272151.913532
1659508.503161
4625025.429386
882255.337117
2860791.741554
606652.701753
2077048.581240
465643.944593
1634351.878998
380058.642380
1350003.906270
322643.163882
1152032.483098
281497.377665
1006346.224318
250598.593196
894710.807392
226569.889050
806487.888544
207373.757568
735056.157245
191706.014929
676076.516190
178693.982708
626586.998397
167730.978510
584498.681990
158383.488432
548292.896908
150332.144693
516842.349225
143337.691121
489290.744683
137215.611940
464975.957882
131823.929118
443379.750408
127049.712475
424088.977230
122801.875165
406770.970213
119007.870933
391154.994548
115607.846931
377018.410415
112552.425047
364176.005272
109800.552275
352473.339928
107317.523639
341779.942489
105074.581360
331985.588121
103046.906601
322995.857905
101213.516252
314729.759279
99556.150347
307117.442240
98059.346602
300098.586468
96709.707310
293620.114842
95495.522492
287636.819896
94406.622141
282107.368383
93434.202560
276997.205127
92570.604751
272274.790137
91809.115364
267912.791065
91143.760906
263886.629718
90569.593838
260175.027364
90082.245087
256758.779495
89677.851892
253620.969732
89352.953706
250746.397079
89105.044347
248122.304810
88931.733639
245736.848910
88831.092214
243579.905378
88801.550977
241642.431241
88841.918755
239916.768501
88951.521898
238396.374738
89129.846494
237075.593143
89376.501252
235949.738377
89691.964233
235015.660006
90076.697630
234270.249413
90530.901332
233710.658721
91056.290985
233337.338358
91654.153425
233149.909406
92326.297186
233148.565443
93074.683131
233334.863233
93901.861281
233711.315943
94810.869925
234281.517632
95805.007301
235049.730500
96888.121212
236021.275244
98064.479033
237202.814149
99339.025161
238602.085624
100717.385828
240227.714904
102205.620511
242091.063329
103811.319306
244203.470835
105541.816698
246579.051827
107406.349458
249233.930531
109414.855591
252186.297106
111578.902092
255457.128395
113911.163702
259070.292484
116426.633929
263052.441555
119141.595356
267435.684321
122075.256526
272255.653973
125249.414402
277554.165207
128689.085163
283378.919301
132423.160754
289785.554699
136485.623331
296840.237919
140914.862240
304618.042906
145757.565732
313209.029755
151067.827945
322720.252256
156910.080543
333279.138165
163361.858559
345039.236911
170516.791525
358186.885209
178488.169065
372951.058837
187417.113071
389614.843249
197477.939953
408534.012880
208891.901921
430159.116532
221940.668684
455073.754022
236992.198758
484042.928873
254533.382895
518091.617906
275223.738511
558624.702984
299978.971423
607620.112057
330108.488543
667956.395032
367553.030819
743988.193627
415317.219369
842629.667913
478312.091455
975568.204550
565157.355051
1164227.206856
692489.487551
1452585.553160
897111.192109
1947444.683394
1279829.902298
2992949.154947
2251629.426789
6653959.879343
9703285.679048
26301921.098189
4136001.790019
4332429.884576
1693973.181672
2335783.729605
1060976.302936
1587428.319062
770226.234692
1195718.972736
603265.670271
954891.942016
494940.928677
791933.796667
418995.853803
674395.255784
362813.804192
585655.883672
319579.563802
516319.919678
285287.205742
460679.006337
257429.568465
415061.824561
234355.923228
377001.679190
214935.603230
344778.543741
198368.627197
317158.107095
184071.894128
293230.120799
171611.050460
272309.749278
160656.509112
253870.164234
150951.913297
237501.766629
142297.030637
222879.979325
134531.638390
209744.336257
127526.488166
197883.663601
121176.335644
187124.486650
115394.364923
177324.020527
110108.512586
168362.799121
105258.414809
160140.623004
100792.522897
152569.355560
96668.361401
145579.687374
92848.219197
139108.560312
89300.370436
133102.075716
85997.116975
127513.178237
82914.507102
122301.609605
80031.389042
117432.195926
77329.739687
112872.369409
74792.773127
108595.501933
72406.560587
104577.130961
70158.250377
100795.342115
68036.425068
97230.661172
66030.951288
93866.026058
64132.886041
90685.301301
62333.790515
87675.153151
60626.569489
84822.221994
59004.284048
82115.585269
57461.154879
79544.755905
55991.544505
77100.236472
54590.515806
74773.541417
53253.494909
72556.653506
51976.422963
70442.525338
50755.306324
68424.534547
49586.888590
66496.619824
48467.615580
64653.238248
47394.843939
62889.424230
46365.711469
61200.307450
45377.715059
59581.615420
44428.531373
58029.205337
43515.979226
56539.481427
42638.096768
55109.026484
41792.992331
53734.353406
40978.901889
52412.554221
40194.237199
51141.023533
39437.483084
49916.994781
38707.262368
48738.148344
38002.288773
47602.027520
37321.292153
46506.652599
36662.929070
45450.356566
36026.734962
44430.428492
35410.926223
43445.769046
34815.012854
42494.599375
34237.984987
41575.432746
33678.981457
40686.656683
33137.236095
39827.014751
32612.011529
38995.003577
32102.598524
38189.868395
31608.304732
37409.919540
31128.460547
36654.377965
30662.571321
35922.064974
30210.017941
35212.343290
29770.382060
34524.251882
29342.775329
33855.931947
28927.150430
33207.785111
28522.828471
32578.496957
28129.539207
31967.467463
27746.621560
31373.880602
27373.911083
30797.113631
27010.939414
30236.532076
26657.356508
29691.491037
26312.830635
29161.414506
25977.055722
28645.784891
25649.710486
28144.284251
25330.554514
27655.910905
25019.262979
27180.095070
24715.296640
26717.316033
24418.841250
26266.359931
24129.404468
25827.120010
23846.905040
25398.835879
23571.034428
24981.506120
23301.478751
24574.381457
23038.314522
24178.023741
22780.887428
23791.197027
22529.534039
23413.578283
22283.810805
23045.409782
22043.534381
22685.945605
21808.332353
22336.386816
21578.512275
21992.145507
21353.548089
21657.211640
21133.738713
21330.393714
20918.301269
21011.373682
20707.505113
20699.334869
20501.168747
20394.774233
20299.180673
20096.639321
20101.274785
19805.443292
19907.432984
19520.532780
19717.582002
19242.148737
19531.624408
18969.692038
19349.324329
18703.042747
19170.734363
18442.389433
18995.599490
18187.221888
18823.958351
17937.586906
18655.651798
17693.226727
18490.641957
17453.883465
18328.798760
17219.671542
18170.108200
16990.223071
18014.376481
16765.498859
17861.575294
16545.545382
17711.692861
16329.982731
17564.610784
16118.751316
17420.231916
15911.835595
17278.541605
15708.997167
17138.993203
15510.427976
17002.881638
15315.345507
16868.861728
15124.243849
16737.129981
14936.991397
16607.813101
14753.225003
16480.819397
14573.084780
16356.065542
14396.298969
16233.523832
14223.142831
16113.132532
14053.091902
15994.851172
13886.188822
15878.572732
13722.585762
15764.383654
13561.951482
15652.105801
13404.291850
15541.612272
13249.532520
15433.286105
13097.654141
15326.667479
12948.432492
15221.827486
12802.116075
15118.785136
12658.336068
15017.441060
12517.129383
14917.771415
12378.433503
14819.762481
12242.352715
14723.384394
12108.563581
14628.578605
11977.212363
14535.323044
11848.108710
14443.586258
11721.324157
14353.518872
11597.068595
14264.235556
11474.024577
14177.198595
11353.907874
14091.278437
11235.585966
14006.748088
11119.530925
13923.541504
11005.225668
13841.636897
10892.916230
13761.017404
10782.730266
13681.757782
10674.050028
13603.685971
10567.359178
13526.832593
10462.450956
13451.216748
10359.336658
13376.757156
10257.839929
13303.445569
10158.499495
13231.423204
10059.987276
13160.286319
9963.561612
13090.357978
9868.591794
13021.465355
9775.258155
12953.683646
9683.402295
12886.919880
9593.140883
12821.264836
9504.364050
12756.465968
9416.883136
12692.741233
9330.870485
12629.969438
9246.258487
12568.173773
9162.982920
12507.290674
9081.029017
12447.353454
9000.443989
12388.304162
8921.108451
12330.138685
8843.070055
12272.868287
8766.274465
12216.466265
8690.571443
12160.924965
8616.246050
12106.241696
8542.834190
12052.390966
8470.783199
11999.251310
8399.959524
11946.954089
8330.113084
11895.475442
8261.505916
11844.749048
8193.805465
11794.775114
8127.161128
11745.450183
8061.724381
11697.203084
7997.254779
11649.401701
7933.679600
11602.369413
7871.160778
11556.029768
7809.699866
11510.431443
7749.119692
11465.525370
7689.540949
11421.176822
7630.650824
11377.577950
7572.852039
11334.745167
7515.712075
11292.639018
7459.995442
11250.851701
7404.617478
11209.904906
7351.407756
11170.483248
7296.298240
11129.723087
7244.552712
11090.670313
7193.192337
11051.902280
7142.414718
11014.001997
7092.134798
10976.598745
7042.754859
10939.812064
6994.273658
10903.581797
6946.367396
10867.891056
6899.333301
10832.756251
6853.126002
10798.219853
6807.657159
10764.162020
6762.776944
10730.641360
6718.707614
10697.766870
6675.153931
10665.178104
6632.640500
10633.247105
6590.710432
10601.790038
6549.250339
10570.883785
6508.693878
10540.444013
6468.798652
10510.555837
6429.473384
10481.021324
6390.772723
10452.059701
6352.681009
10423.564074
6315.290650
10395.525961
6278.566715
10367.968750
6242.393131
10340.885069
6207.487414
10314.124684
6171.824366
10288.012442
6137.591058
10262.243030
6103.824703
10236.862801
6070.642800
10212.081472
6038.068565
10187.590490
6006.060606
10163.597001
5974.658484
10139.986588
5943.718028
10116.810565
5913.371627
10094.038240
5883.601618
10071.701743
5854.344028
10049.747460
5825.624087
10028.232945
5797.483592
10007.101878
5769.795317
9986.355491
5742.698669
9966.014248
5716.104268
9946.072190
5690.004921
9926.482962
5664.474027
9907.328197
5639.526576
9888.507673
5614.799373
9870.094224
5590.741275
9852.054811
5567.162832
9834.332107
5544.078463
9817.007283
5521.462850
9800.054694
5499.473611
9783.562132
5477.808869
9767.296862
5456.507125
9751.520907
5435.816774
9736.000822
5415.642898
9720.838235
5395.839138
9706.032763
5376.522296
9691.582327
5357.610661
9677.436851
5339.278978
9663.724748
5321.406769
9650.305695
5303.859915
9637.180916
5286.820595
9624.500818
5270.202273
9612.071161
5254.208218
9600.067500
5238.470387
9588.264494
5223.079743
9576.871305
5208.189513
9565.782770
5193.768189
9555.040555
5179.768142
9544.586319
5166.216217
9534.506175
5153.068600
9524.725718
5140.345708
9515.243349
5128.019501
9506.103723
5116.188816
9497.302354
5104.769730
9488.808566
5093.725159
9480.608419
5083.198993
9472.267310
5072.955943
9465.125461
5063.041181
9457.859800
5053.794812
9450.931806
5044.685917
9444.304527
5036.122318
9437.960797
5028.001392
9432.001696
5020.210155
9426.210267
5012.875223
9420.789351
5005.883538
9415.723445
4999.335556
9410.908139
4993.189762
9406.373584
4987.467895
9402.193361
4982.215772
9398.321552
4977.147175
9394.753429
4972.746123
9391.465913
4968.368344
9388.364288
4964.679849
9385.806305
4961.317567
9383.400663
4958.585685
9381.532071
4955.787929
9379.527920
4953.640479
9378.030070
4951.821079
9376.866428
4950.544415
9375.897184
4949.505834
9375.017867
4948.930996
9375.115999
4948.882904
9375.004213
4948.974439
9375.366873
4949.488054
9375.976536
4950.472907
9376.795615
4951.857429
9378.012156
4953.476557
9379.504465
4955.556477
9381.406718
4958.371910
9383.390858
4961.351630
9385.787127
4964.718723
9388.380904
4968.415039
9391.437803
4972.630893
9394.746617
4977.223322
9398.242389
4981.949819
9402.248667
4987.498571
9406.441623
4993.216599
9410.901338
4999.361559
9415.705603
5005.913503
9420.822894
5012.870435
9426.214935
5020.379069
9432.061069
5028.002983
9437.965459
5036.096901
9444.307915
5044.687304
9450.947466
5053.686377
9457.882215
5063.110901
9465.139407
5072.826234
9472.861025
5082.854513
9480.610951
5093.568101
9488.775685
5104.746223
9497.263185
5116.146401
9506.117188
5128.028861
9515.259324
5140.363800
9524.727398
5153.055792
9534.499043
5166.164728
9544.598472
5179.714471
9555.029252
5193.761065
9565.796151
5208.182600
9576.862952
5223.030538
9588.282432
5238.163610
9600.274163
5254.184999
9612.112359
5270.210812
9624.492506
5286.816433
9637.204159
5303.823526
9650.290358
5321.350956
9663.708605
5339.326549
9677.407917
5357.657324
9691.578612
5376.533084
9706.033587
5395.857670
9720.829594
5415.665056
9735.973295
5435.778141
9751.491373
5456.469738
9767.316110
5477.867833
9783.395730
5499.469611
9800.223263
5521.495631
9817.095701
5544.097041
9834.371154
5567.215103
9852.060089
5590.759877
9870.094224
5614.870435
9888.620126
5639.430113
9907.320929
5664.457962
9926.511170
5690.007557
9946.042831
5716.116514
9966.032711
5742.708246
9986.367107
5769.856324
10007.095083
5797.478417
10028.232546
5825.626490
10049.749450
5854.350861
10071.704126
5883.636631
10094.059639
5913.352687
10116.802657
5943.715336
10139.975542
5974.694637
10163.659577
6006.048285
10187.612478
6038.076515
10212.054837
6070.646753
10236.888590
6103.774570
10262.212627
6137.608655
10288.016718
6171.995787
10314.118479
6206.543644
10340.782175
6242.285799
10367.993827
6278.480389
10395.541352
6315.306485
10423.573284
6352.642915
10452.030616
6390.795256
10481.018653
6429.539019
10510.547464
6468.767425
10540.471337
6508.684045
10570.884542
6549.347448
10601.818335
6590.656720
10633.291118
6632.732469
10665.190481
6675.519156
10697.428102
6718.732619
10730.589173
6762.881339
10764.150129
6807.581068
10798.137617
6853.197794
10832.761421
6899.363449
10867.882959
6946.446286
10903.566756
6994.191876
10939.809139
7042.597816
10976.456988
7091.990976
11014.053568
7142.581886
11052.027506
7193.053872
11090.597820
7245.053761
11129.562795
7297.190144
11171.475820
7350.396180
11209.780016
7405.069345
11250.879432
7460.113136
11292.723321
7516.125065
11334.805159
7572.951868
11377.693967
7630.840583
11421.381703
7689.627299
11465.564443
7749.081752
11510.470711
7809.656330
11556.042921
7871.167385
11602.357002
7933.687163
11649.479988
7997.093972
11697.095708
8061.425432
11745.760086
8127.223142
11794.830732
8193.706853
11844.758503
8261.469119
11895.455939
8330.169746
11946.978865
8400.002857
11999.267978
8470.858752
12052.311314
8543.019607
12106.229801
8616.193127
12160.960488
8690.616549
12216.509485
8766.161304
12272.887191
8843.043368
12330.167233
8921.120109
12388.318369
9000.451544
12447.353454
9081.073945
12507.334168
9162.967205
12568.145766
9246.200950
12629.978306
9330.874343
12692.746905
9416.831314
12756.481647
9504.176345
12821.188712
9593.137547
12886.945953
9683.487801
12953.703409
9775.285980
13021.502217
9868.641244
13090.350645
9963.507415
13160.291182
10060.105367
13231.365765
10158.048238
13303.464812
10257.858646
13376.758352
10359.366004
13451.215558
10462.449426
13526.854475
10567.378483
13603.714787
10674.042533
13681.758951
10782.452782
13761.116234
10892.955155
13841.663484
11005.235118
13923.567359
11119.478765
14006.716675
11235.661796
14091.344294
11354.099524
14177.299602
11474.680649
14265.477209
11596.575357
14353.395696
11721.292079
14443.619491
11848.016205
14535.329098
11977.048718
14628.596652
12108.625686
14723.380047
12242.338339
14819.779755
12378.455477
14917.772488
12517.131940
15017.439462
12658.194500
15118.760796
12801.993595
15221.847982
12948.493040
15326.668523
13097.607110
15433.300101
13249.306699
15542.021490
13404.351532
15652.105801
13561.982156
15764.383654
13722.518719
15878.609007
13886.223389
15994.843669
14053.058315
16113.139980
14223.132707
16233.505598
14396.371765
16356.093910
14573.127049
16480.839784
14753.280855
16607.815028
14936.964618
16737.131893
15124.176672
16868.820943
15315.231112
17002.875992
15509.133825
17139.676543
15709.043001
17278.659207
15911.827551
17420.298046
16118.744864
17564.584367
16330.051806
17711.738029
16545.609206
17861.636207
16765.684955
18014.353388
16990.185402
18170.091469
17219.700346
18328.861612
17453.912799
18490.698202
17693.128158
18655.693823
17937.632397
18823.983000
18187.321298
18995.640763
18442.418930
19170.710159
18703.081243
19349.364847
18969.517442
19531.617854
19241.932543
19717.613649
19520.562287
19907.469955
19805.259100
20101.321748
20096.734063
20299.354867
20394.640865
20501.165625
20699.334869
20707.588561
21011.237374
20918.255377
21330.371211
21133.719029
21657.549261
21353.716679
21992.400142
21577.959866
22334.316555
21807.975055
22685.945605
22043.193961
23045.205662
22283.849578
23413.514046
22529.623521
23791.205098
22780.860036
24178.080652
23038.242989
24574.773407
23301.625694
24981.743094
23570.992342
25398.919032
23846.892963
25827.217891
24129.461494
26266.346529
24418.851734
26717.223808
24715.326419
27180.375273
25019.479131
27655.994215
25330.473663
28144.097783
25649.716724
28645.735739
25977.026158
29161.385975
26312.816041
29691.402661
26657.346905
30236.505618
27010.961923
30797.074147
27373.926280
31373.889781
27746.638860
31967.410405
28129.469814
32578.472401
28522.876713
33207.740784
28927.143793
33855.822306
29342.789506
34523.384307
29770.193953
35212.346925
30210.089970
35922.178998
30662.601586
36654.383203
31128.530450
37409.857952
31608.273347
38189.724272
32102.613476
38995.052814
32612.039985
39826.844414
33137.224507
40686.593763
33678.990959
41575.398880
34237.977510
42494.626484
34814.999986
43445.673294
35410.933453
44430.389600
36026.520010
45448.452735
36663.063484
46506.798471
37321.391614
47601.973741
38002.317403
48738.242890
38707.292130
49917.015295
39437.567471
51141.071088
40194.240383
52412.561548
40979.198626
53734.298618
41792.960173
55108.856929
42638.150804
56539.440676
43515.995404
58029.267099
44428.540017
59581.578898
45377.734805
61200.372286
46365.752879
62889.420160
47394.857443
64653.281804
48467.649912
66496.600575
49586.803406
68424.459720
50755.381981
70442.459923
51976.413112
72556.621752
53253.550192
74773.397622
54590.541598
77100.299558
55991.619944
79544.810616
57461.161562
82115.603974
59004.349128
84822.240102
60626.516707
87674.925401
62333.884974
90685.284363
64132.860095
93865.813329
66031.001689
97230.608514
68036.413780
100795.347194
70158.297813
104577.116273
72406.588871
108595.487788
74792.776550
112872.251470
77329.640372
117431.393690
80031.670531
122301.890092
82914.513277
127513.314756
85997.161628
133102.160343
89300.413437
139108.648646
92848.390142
145579.813985
96668.493813
152569.476371
100793.274696
160139.580716
105258.249425
168362.373374
110108.596286
177324.084050
115394.356049
187124.508539
121176.373671
197883.518707
127526.528315
209744.404607
134531.790622
222879.997703
142297.102599
237501.645906
150951.974349
253869.865750
160656.305149
272309.207777
171611.283172
293230.120799
184071.844061
317158.223327
198368.730439
344778.448700
214935.965311
377001.548814
234356.229087
415061.844298
257429.695754
460678.810730
285287.306244
516319.983142
319579.345916
585655.240236
362814.210615
674395.425845
418995.795148
791933.589781
494941.044538
954891.873385
603265.724589
1195719.246780
770226.915385
1587428.319062
1060976.426475
2335783.392916
1693973.413798
4332430.126606
4136001.916781
26301919.822448
9703287.408072
6653960.509690
2251629.659638
2992948.103900
1279829.697471
1947444.414176
897111.082531
1452584.966641
692490.150018
1164227.319439
565157.384041
975567.700720
478311.748917
842629.823465
415316.903773
743987.577015
367553.353994
667956.689374
330108.476135
607620.354735
299978.998732
558624.556338
275223.753393
518091.665341
254533.584047
484042.928873
236992.224683
455073.447997
221940.641001
430158.811827
208891.676426
408533.451419
197478.178481
389614.780171
187417.047506
372951.080803
178488.232172
358186.930951
170516.659409
345039.165684
163361.952584
333279.064425
156910.067491
322720.099950
151067.685598
313209.068987
145757.551681
304617.841211
140914.949441
296839.975745
136485.375744
289785.710179
132423.191685
283378.875938
128689.097098
277554.017633
125249.492071
272255.669017
122075.227168
267435.439267
119141.505111
263052.316987
116426.537181
259069.486154
113911.356976
255457.232616
111578.842439
252186.418921
109414.869629
249233.955183
107406.320857
246579.076744
105541.918573
244203.378584
103811.314374
242090.750323
102205.405102
240228.439549
100717.406162
238602.171457
99339.128243
237203.004096
98064.479033
236021.414079
96888.126496
235049.756639
95805.017990
234281.543857
94810.940128
233711.368521
93901.888543
233334.731577
93074.650126
233148.468818
92326.266685
233149.689805
91654.242804
233337.496344
91056.330346
233710.807692
90530.901332
234269.943441
90077.021620
235015.660006
89691.967087
235949.486662
89376.495523
237075.377178
89129.636822
238396.580915
88951.521898
239916.811183
88841.976385
241642.329537
88801.507735
243579.796075
88831.060514
245736.923917
88931.690460
248122.181000
89105.050093
250746.364408
89352.922191
253620.630580
89677.766252
256758.627945
90082.097311
260173.106681
90569.757778
263886.769414
91143.864829
267912.745199
91809.098634
272274.805180
92570.588158
276997.190340
93434.268317
282107.470018
94406.540790
287636.520852
95494.353676
293620.617042
96709.659662
300098.750254
98059.424922
307117.708978
99556.129776
314729.850380
101213.460607
322995.946674
103046.916538
331985.563445
105074.639833
341779.942489
107317.537952
352473.037789
109800.445026
364175.825315
112552.411400
377018.193131
115607.926649
391155.057378
119007.836515
406771.070908
122801.783440
424089.093130
127049.450530
443379.621074
131823.967957
464975.852173
137215.589552
489290.376345
143337.098171
516842.935678
150332.240055
548293.195727
158383.462571
584498.597897
167731.033455
626587.442913
178693.868098
676076.734296
191706.004246
735055.978929
207373.816824
806487.847913
226569.889050
894709.965037
250598.168230
1006346.256880
281497.508621
1152032.084887
322643.265443
1350004.100450
380058.448389
1634352.360187
465643.487179
2077049.275394
606652.917811
2860792.199721
882255.634247
4625025.202668
1659508.424179
12272151.913532
17987755.501403
18319461.541138
1969632.923072
5209638.620004
919539.955378
3025166.373834
593837.677053
2126021.663257
435299.226335
1635840.080125
341576.328173
1327415.222766
279709.933410
1115546.899504
235847.494046
961086.838649
203150.406546
843530.838170
177854.157601
751098.590301
157714.680712
676541.647901
141311.681159
615154.523365
127702.490250
563749.724442
116236.712961
520091.187082
106450.677856
482564.940028
98005.870845
449974.892811
90648.409142
421418.379400
84185.632598
396197.571078
78466.107639
373769.358787
73371.987679
353701.244510
68808.550166
335645.936117
64699.212484
319320.148215
60981.516413
304492.629901
57603.859871
290970.719407
54523.243924
278593.683432
51703.917685
267226.434142
49115.103339
256752.757274
46730.730275
247076.109278
44529.195816
238111.464587
42490.934939
229786.427449
40599.445908
222037.233923
38840.399586
214809.114146
37200.206451
208054.422419
35671.008733
201729.116748
34239.708410
195796.857993
32898.879251
190223.697872
31640.834376
184980.660438
30458.753750
180040.810307
29346.539694
175380.781250
28298.745697
170979.099354
27310.438151
166816.813349
26377.259297
162876.485620
25495.126436
159142.579393
24660.451253
155600.848121
23869.932886
152238.378131
23120.629749
149043.544349
22409.780008
146005.525813
21734.864895
143114.525552
21093.589548
140361.892948
20484.126147
137738.616691
19904.164790
135238.125749
19352.060355
132851.282628
18826.283754
130575.171668
18325.452464
128400.916134
17847.888839
126324.287198
17392.489414
124339.849123
16957.986673
122442.985393
16543.385869
120629.431898
16147.584339
118894.582147
15769.637662
117235.248215
15408.706111
115647.725512
15063.914498
114128.631430
14734.514040
112674.890051
14419.831344
111283.762409
14118.768218
109952.749706
13831.940428
108678.840774
13557.447547
107460.092835
13295.298417
106294.039268
13044.874549
105178.956983
12805.766826
104112.692175
12577.496730
103093.655595
12359.644008
102119.896906
12151.793942
101189.985908
11953.629072
100302.554145
11764.819421
99455.917632
11584.964739
98648.796364
11413.813386
97879.589047
11250.859523
97149.501944
11096.527745
96454.274514
10949.843835
95794.489361
10810.769815
95169.027567
10679.210458
94576.745725
10554.829037
94017.100062
10437.541473
93489.066569
10327.127384
92992.418444
10223.430735
92525.978882
10126.259329
92089.334019
10035.512543
91681.795445
9950.975832
91303.021111
9872.714723
90952.877821
9800.604471
90629.395320
9734.058968
90333.684703
9673.596642
90065.098590
9618.811569
89822.999638
9569.782861
89607.131145
9526.384414
89417.067543
9488.043002
89253.074076
9456.192468
89114.674168
9429.231994
89001.846273
9407.765728
88914.065839
9391.706554
88851.505063
9380.822565
88813.660931
9375.690268
