10287608.588606
11706208.587654
3932497.602099
9114464.089331
7537807.831994
6689881.701612
6289221.945670
6233706.307173
6554240.346726
7479078.173028
9934393.754655
979297.770946
8610895.312440
5527740.266144
4112969.788424
3287256.480444
2742980.268575
2356470.450511
2067703.433169
1843810.707129
1665206.280837
1519468.650006
1398329.433424
1296069.428360
1208606.135525
1132948.277055
1066855.231365
1008616.006877
956901.843011
910666.137161
869073.966181
831450.685585
797245.989750
766006.490299
737354.956387
710976.815961
686605.286004
664014.070576
643010.411304
623427.776880
605122.558570
587970.183420
571861.573775
556701.493553
542405.467623
528899.439736
516117.658645
504001.004627
492497.427237
481559.716391
471145.667450
461217.433551
451740.235652
442683.074639
434017.792050
425718.470331
417761.576323
410125.575944
402790.867221
395739.266554
388954.181244
382420.265023
376123.622880
370050.299618
364188.914639
358528.022815
353057.154079
347766.812891
342647.798119
337691.498642
332890.352437
328236.757608
323723.782294
319345.114470
315094.546607
310966.619878
306955.671679
303056.725565
299265.139074
295576.224373
291986.057168
288490.491910
285085.726231
281768.392350
278534.693184
275381.528571
272306.319779
269305.757624
266377.061392
263517.793410
260725.452878
257997.455457
255332.067138
252726.647357
250179.213394
247687.977976
245251.136259
242866.729688
240533.087310
238248.658440
236011.704563
233821.108196
231675.087141
229572.364181
227511.668251
225491.812400
223511.424995
221569.436399
219664.803165
217796.395438
215963.212480
214163.943760
212398.118864
210664.522149
208962.478941
207290.979312
205649.186456
204036.371692
202451.962126
200895.115721
199364.889858
197860.835279
196382.195374
194928.244471
193498.572446
192092.590627
190709.646828
189348.750799
188010.020130
186692.562816
185396.396743
184120.560399
182864.620856
181628.062955
180410.422685
179211.501826
178030.774675
176867.770551
175722.076420
174593.679681
173481.759397
172386.036509
171306.330661
170242.240049
169193.428761
168159.530713
167140.095899
166135.255518
165144.281539
164167.056415
163203.452257
162253.061163
161315.534426
160390.697363
159478.243166
158578.070466
157689.931763
156813.346967
155948.436708
155094.590123
154252.194899
153420.422220
152599.296898
151788.854441
150988.548123
150198.351002
149418.025044
148647.572170
147886.579574
147134.997260
146392.631658
145659.193290
144934.950030
144219.390606
143512.642097
142813.991222
142123.705006
141441.627766
140767.663112
140101.630733
139443.247301
138792.578397
138149.419687
137513.783038
136885.335439
136264.103092
135649.895084
135042.537135
134442.117062
133848.232708
133261.233639
132680.631017
132106.506287
131538.604919
130976.872529
130421.367618
129871.968602
129328.462050
128790.764732
128258.829985
127732.612984
127211.993911
126697.001291
126187.403388
125682.946194
125183.938234
124689.982380
124201.420656
123717.816315
123239.252756
122765.487942
122296.725442
121832.663670
121373.430581
120918.719854
120468.587728
120023.005176
119582.025171
119145.322577
118712.947629
118284.942589
117861.286793
117441.859858
117026.256336
116614.836842
116207.460718
115804.057319
115404.644187
115009.017780
114617.155285
114229.105904
113844.903362
113464.287537
113087.330103
112714.012527
112344.291071
111977.738089
111614.850415
111255.523930
110899.339393
110546.585518
110197.188051
109850.982098
109507.909144
109168.011378
108831.986835
108498.102713
108167.532754
107840.078220
107515.613003
107194.200876
106875.736630
106560.118210
106247.271311
105937.396887
105630.273232
105325.820546
105024.256877
104725.806457
104429.288505
104135.564573
103844.560957
103556.165716
103270.475479
102987.311599
102706.587234
102428.462049
102152.750975
101879.219387
101608.085890
101339.624496
101073.273553
100809.412109
100547.880354
100288.686898
100031.647902
99776.917028
99524.411550
99274.015190
99025.908671
98779.875487
98535.964855
98294.212226
98054.449021
97816.879822
97581.392339
97347.906958
97116.264326
96886.799155
96659.307771
96433.788508
96210.024690
95988.317206
95768.480396
95550.671410
95334.575686
95120.307341
94907.952725
94697.249168
94488.545380
94281.488707
94076.339376
93872.904532
93671.146106
93471.072079
93272.727059
93076.061891
92881.213695
92687.960028
92496.328764
92306.258983
92117.868793
91931.129195
91745.932108
91562.310510
91380.115904
91199.680690
91020.763314
90843.467326
90667.446167
90492.992051
90319.969422
90148.542030
89978.706653
89810.108850
89642.990258
89477.364413
89313.125225
89150.225797
88988.771636
88828.624552
88670.391956
88512.975170
88356.944862
88202.314299
88049.040104
87897.066214
87746.459357
87596.978284
87449.054277
87302.270552
87156.807766
87012.677993
86869.648437
86727.959390
86587.419049
86448.213680
86310.356290
86173.516966
86037.937000
85903.477867
85770.355543
85638.368885
85507.444323
85377.767435
85249.239472
85121.911993
84995.656799
84870.598741
84746.751298
84623.867842
84502.133597
84381.503005
84261.901605
84143.487144
84026.099564
83909.966002
83794.613567
83680.437377
83567.308317
83455.393188
83344.373827
83234.461132
83125.397467
83017.493327
82910.576722
82804.736033
82699.842147
82596.054186
82493.147926
82391.350455
82290.527821
82190.884631
82091.666056
81993.491534
81896.507342
81800.656023
81705.449698
81611.278517
81517.963032
81425.830906
81334.437565
81244.076549
81154.601087
81065.975212
80978.546195
80891.654163
80805.750330
80720.803270
80636.666537
80553.573473
80471.234785
80389.883836
80309.343490
80229.688729
80150.768466
80072.959677
79995.923541
79919.723502
79844.339002
79769.821431
79696.143469
79623.380283
79551.366511
79480.217823
79409.905024
79340.438359
79271.734805
79204.070070
79137.033736
79070.738743
79005.355429
78940.652261
78876.904995
78813.931292
78751.806087
78690.265844
78629.526870
78569.900120
78510.795439
78452.550806
78395.099842
78338.502603
78282.578357
78227.313713
78173.005685
78119.309240
78066.518379
78014.441561
77963.068231
77912.485572
77862.679117
77813.559810
77765.228624
77717.626632
77670.802445
77624.552662
77579.437566
77534.690810
77490.688196
77447.625175
77405.282304
77363.517670
77322.440383
77282.216443
77242.735599
77203.981662
77165.930616
77128.459301
77091.970438
77056.049474
77020.702976
76986.155433
76952.364814
76919.297114
76886.783044
76855.204963
76824.274607
76793.927535
76764.384474
76735.570562
76707.268207
76679.819608
76653.137090
76627.067862
76601.646351
76576.902809
76552.928376
76529.534080
76507.051168
76484.910376
76463.505824
76442.974465
76423.078058
76403.913888
76385.286907
76367.527295
76350.301271
76333.824415
76318.058967
76302.943875
76288.595916
76274.646239
76261.495638
76249.095703
76237.270635
76226.122373
76215.709686
76205.928820
76196.949361
76188.524945
76180.728724
76173.890760
76167.666734
76162.016905
76156.864310
76152.403595
76148.720413
76145.712673
76143.340591
76142.048704
76140.859208
76140.588646
76141.027860
76142.174621
76143.528248
76145.819040
76148.866324
76152.528132
76157.032721
76162.098219
76167.715530
76173.960973
76181.206391
76188.809942
76197.041972
76206.200341
76215.899254
76226.230001
76237.333922
76249.033479
76261.558331
76274.657027
76288.314289
76302.940864
76318.081894
76333.837516
76350.285559
76367.559065
76385.376794
76404.015685
76423.167726
76443.032263
76463.718396
76484.958501
76506.921202
76529.480070
76552.916687
76576.925396
76601.615302
76627.021771
76653.135492
76679.823088
76707.299687
76735.525352
76764.496700
76794.020036
76824.362618
76855.324707
76886.914658
76919.350878
76952.371542
76986.114352
77020.718816
77056.041767
77092.106981
77128.484798
77165.995482
77204.055112
77242.862288
77282.319565
77322.660197
77363.625011
77405.264833
77447.802486
77490.865095
77534.787772
77579.449814
77624.655125
77670.881688
77717.713033
77765.303309
77813.596876
77862.711426
77912.574349
77963.161847
78014.530665
78066.612166
78119.451142
78173.023153
78227.445798
78282.627224
78338.547618
78395.198080
78452.604632
78510.855444
78569.894760
78629.566243
78690.334170
78751.830199
78813.962015
78876.938840
78940.722348
79005.345693
79070.750827
79137.009639
79204.083009
79271.732106
79340.488332
79410.017955
79480.309519
79551.377272
79623.446704
79696.228253
79769.859206
79844.361257
79919.726267
79995.942146
80072.991279
80150.852980
80229.660887
80309.312953
80389.901690
80471.202197
80553.550249
80636.666754
80720.731425
80805.699482
80891.603124
80978.406493
81065.862551
81154.538607
81243.980606
81334.356650
81425.742319
81517.940488
81611.269263
81705.560270
81800.890182
81896.699216
81993.555776
82091.571422
82190.617104
82290.405907
82391.336717
82493.118109
82596.084724
82699.902761
82804.799469
82910.692129
83017.572845
83125.656483
83234.538875
83344.398642
83455.491496
83567.395213
83680.438367
83794.578802
83909.884828
84026.076360
84143.468136
84262.012755
84381.456301
84502.101860
84623.856141
84746.721656
84870.605215
84995.656355
85121.911415
85249.274068
85377.878938
85507.517256
85638.383721
85770.380686
85903.577053
86037.998053
86173.538091
86310.302875
86448.289147
86587.494022
86727.989113
86869.663482
87012.680131
87156.765690
87302.320863
87449.100923
87597.037091
87746.463787
87897.072044
88049.028668
88202.268133
88356.891939
88512.928307
88670.169824
88828.708703
88988.805487
89150.218945
89313.076953
89477.304371
89642.959704
89810.014112
89978.591419
90148.717631
90319.824268
90492.940018
90667.337442
90843.388063
91020.754329
91199.652069
91380.155111
91562.305808
91745.927441
91931.094696
92117.802392
92306.178014
92496.271602
92687.867096
92881.155960
93076.082054
93272.754950
93471.074641
93671.103702
93872.812540
94076.403989
94281.546778
94488.535561
94697.285746
94907.970640
95120.319194
95334.623360
95550.685757
95768.520287
95988.361765
96210.033181
96433.871244
96659.374173
96886.886256
97116.436934
97347.948829
97581.493534
97816.963876
98054.522763
98294.235630
98535.975926
98779.897027
99025.942081
99274.099294
99524.611599
99776.972700
100031.712189
100288.729085
100547.878947
100809.408457
101073.299298
101339.581703
101608.017557
101878.874259
102152.760013
102428.305608
102706.390871
102987.213860
103270.412527
103556.111894
103844.547066
104135.633739
104429.087644
104725.479670
105024.559754
105325.893008
105630.252808
105937.677448
106247.489995
106560.182341
106875.755635
107194.281622
107515.693284
107840.269491
108167.748478
108498.208692
108832.089246
109168.550871
109508.097778
109851.184281
110197.282053
110546.640888
110899.362750
111255.465672
111614.876775
111977.752679
112344.180740
112713.970521
113087.302978
113464.303127
113844.906166
114229.109199
114617.243613
115009.031257
115404.644566
115804.054382
116207.472156
116614.811940
117026.119135
117441.818488
117861.241503
118284.938635
118712.856845
119145.288685
119581.994046
120022.996178
120468.563750
120918.666537
121373.408940
121832.628831
122296.705936
122765.562560
123239.284947
123717.782332
124201.366080
124689.839680
125183.876216
125682.747910
126187.125828
126696.813189
127211.879745
127732.560470
128258.811752
128790.706467
129328.383611
129871.979870
130421.413290
130976.955877
131538.539614
132106.490525
132680.580953
133261.122843
133848.310675
134442.108091
135042.514994
135649.959398
136264.141723
136885.422296
137513.934549
138149.690024
138793.090318
139443.361073
140101.689223
140767.803945
141441.724705
142123.725473
142813.936104
143512.536386
144219.405508
144935.019275
145659.281770
146392.638610
147134.980504
147886.558305
148647.574867
149418.033143
150198.401202
150988.583559
151788.833453
152599.301741
153420.345264
154252.167309
155094.743771
155948.394692
156813.397854
157689.916343
158578.132983
159478.240125
160390.664429
161315.536622
162253.085191
163203.448608
164167.122177
165144.258336
166135.194609
167140.120642
168159.451517
169193.399701
170242.172296
171306.190860
172385.896852
173481.624170
174593.843441
175722.299058
176867.872907
178030.848232
179211.561696
180410.463856
181627.988724
182864.560694
184120.666446
185396.907729
186692.860291
188010.045595
189348.692227
190709.468169
192092.690192
193498.729939
194928.411536
196382.265805
197860.926324
199364.982969
200895.166665
202452.054179
204036.619847
205649.296636
207291.039628
208962.590690
210664.576146
212398.128666
214163.943683
215963.120161
217796.393369
219664.783217
221569.410271
223511.422444
225491.770685
227511.647139
229572.313621
231675.001481
233821.022641
236011.700611
238248.549664
240533.131633
242866.714369
245251.128143
247688.069225
250179.300794
252726.660104
255332.012543
257997.437131
260725.458888
263517.814611
266377.089828
269305.792270
272306.375275
275381.839014
278534.754764
281768.357374
285085.898183
288490.516659
291986.046264
295576.163303
299264.945572
303056.594726
306955.344711
310966.147049
315094.490233
319345.174592
323723.831262
328236.767857
332890.339331
337691.543171
342647.791137
347766.851273
353057.488536
358528.061013
364188.948843
370050.097863
376123.334576
382420.208709
388954.158961
395739.305745
402791.012670
410125.650563
417761.635419
425718.551899
434017.915736
442683.227244
451740.286785
461217.365889
471145.812610
481559.639046
492497.351330
504000.912017
516117.356760
528899.414938
542405.410173
556701.536364
571861.781787
587970.225297
605122.578234
623427.731239
643010.283537
664014.019881
686605.175601
710976.662211
737355.144851
766006.432810
797246.088718
831450.848464
869073.963197
910666.149529
956901.528867
1008615.885250
1066855.492994
1132948.454747
1208606.319902
1296069.652935
1398329.573780
1519468.588695
1665205.997779
1843810.380917
2067704.252496
2356470.653126
2742980.580547
3287256.864681
4112969.920888
5527740.649448
8610895.715270
979296.685661
9934393.969477
7479078.311794
6554240.842197
6233706.919794
6289222.714597
6689881.464585
7537807.379664
9114463.815628
3932496.907334
11706208.237842
