3432.481901
3523.533596
3826.203209
4456.738942
5763.400385
9126.336395
29804.212320
18701.017726
6650.206012
3906.197896
2708.120566
2044.624049
1627.310511
1342.926003
1138.059697
984.302735
865.192031
770.561362
693.804728
630.458563
577.401020
532.393006
493.786676
460.346524
431.126866
405.396951
382.581201
362.221315
343.948068
327.461901
312.516087
298.907764
286.465735
275.048263
264.534497
254.821077
245.820588
237.457414
229.666147
222.389562
215.578555
209.189246
203.183453
197.527876
192.191809
187.149193
182.376221
177.851242
173.555309
169.471490
165.584022
161.879144
158.343994
154.966989
151.737624
148.646425
145.684363
142.843152
140.116846
137.496577
134.977443
132.553063
130.218371
127.968487
125.798788
123.704873
121.682677
119.728889
117.839619
116.012181
114.243059
112.530113
110.869786
109.260324
107.699007
106.184166
104.713500
103.284956
101.897016
100.547573
99.235299
97.958607
96.716286
95.506401
94.328129
93.180148
92.061211
90.970613
89.906630
88.868657
87.855633
86.867139
85.901745
84.958773
84.037572
83.137106
82.257020
81.396784
80.555127
79.731860
78.926322
78.137961
77.366051
76.610521
75.870379
75.145360
74.435358
73.739161
73.056746
72.388010
71.732086
71.088932
70.457884
69.838978
69.231559
68.635405
68.050249
67.475842
66.911585
66.357780
65.813787
65.279436
64.753522
64.238121
63.730765
63.232307
62.742115
62.260475
61.786577
61.320670
60.862035
60.411350
59.967604
59.531074
59.101006
58.678701
58.262807
57.852971
57.449528
57.052393
56.661343
56.276205
55.896795
55.523024
55.154847
54.792103
54.434405
54.082312
53.735034
53.392829
53.055419
52.723034
52.395098
52.071620
51.752724
51.438703
51.128526
50.822728
50.521006
50.223247
49.929736
49.639909
49.354253
49.071986
48.793530
48.518813
48.247338
47.979724
47.715486
47.454625
47.196998
46.942524
46.691309
46.443256
46.198340
45.956448
45.717394
45.481388
45.248317
45.017771
44.790204
44.565416
44.343111
44.123763
43.906689
43.692007
43.480422
43.270981
43.064022
42.859378
42.657263
42.457329
42.259663
42.064311
41.870863
41.680035
41.491107
41.304572
41.119939
40.936728
40.756253
40.577629
40.400969
40.226128
40.053181
39.882143
39.712927
39.545603
39.379920
39.216145
39.053943
38.893255
38.734964
38.577829
38.422361
38.268582
38.116383
37.965991
37.816871
37.669150
37.523095
37.378563
37.235501
37.093816
36.953634
36.814688
36.677430
36.541358
36.406632
36.273341
36.141549
36.010452
35.881117
35.753083
35.626112
35.500461
35.375925
35.252611
35.130640
35.009740
34.890016
34.771327
34.654031
34.537595
34.422496
34.308270
34.195390
34.083437
33.972487
33.862021
33.754618
33.645685
33.539151
33.433289
33.328473
33.224633
33.121746
33.019751
32.918725
32.818580
32.719690
32.621404
32.524685
32.428224
32.331878
32.237145
32.143139
32.050217
31.958070
31.866731
31.776216
31.686539
31.597692
31.509475
31.422339
31.335858
31.249812
31.164879
31.080590
30.997050
30.914416
30.832550
30.751051
30.670534
30.590773
30.511605
30.432998
30.355311
30.278093
30.201870
30.126086
30.051045
29.976627
29.902886
29.829686
29.757233
29.685449
29.614222
29.543792
29.473658
29.404297
29.335560
29.267431
29.199722
29.132786
29.066322
29.000497
28.935308
28.870607
28.806447
28.742839
28.679975
28.617314
28.555581
28.494084
28.433420
28.372841
28.313054
28.253869
28.194980
28.136753
28.078929
28.021832
27.964967
27.908662
27.852831
27.797187
27.743306
27.688682
27.634836
27.581333
27.528475
27.475966
27.424001
27.372434
27.321346
27.270724
27.220575
27.170900
27.121602
27.072232
27.023963
26.975969
26.928389
26.881232
26.834447
26.788125
26.742271
26.696729
26.651528
26.606902
26.562725
26.518617
26.475198
26.431979
26.389390
26.346953
26.305110
26.263202
26.222385
26.181432
26.141086
26.100898
26.061283
26.021866
25.982926
25.944206
25.906091
25.868110
25.830603
25.793422
25.756585
25.720086
25.683942
25.648106
25.612595
25.577667
25.543126
25.508762
25.473684
25.440343
25.406831
25.373869
25.340984
25.308587
25.276387
25.244659
25.213142
25.181812
25.150923
25.120058
25.090354
25.060345
25.030547
25.001206
24.972311
24.943507
24.915156
24.886987
24.859132
24.831638
24.804278
24.777637
24.750562
24.724528
24.698454
24.672611
24.647073
24.621895
24.596882
24.572300
24.547913
24.523900
24.500154
24.476549
24.453322
24.430355
24.407663
24.385102
24.363112
24.341155
24.319541
24.298066
24.277345
24.256302
24.235853
24.215228
24.195454
24.175684
24.156260
24.136926
24.118013
24.099258
24.080833
24.062452
24.044629
24.026886
24.009452
23.992256
23.975232
23.958636
23.941974
23.926442
23.909993
23.894302
23.878825
23.863638
23.848675
23.833913
23.819430
23.805172
23.791228
23.777454
23.763782
23.750848
23.737931
23.724781
23.712262
23.699670
23.687808
23.675921
23.664372
23.653009
23.641838
23.630882
23.620243
23.609763
23.599272
23.589644
23.579903
23.570366
23.561090
23.551928
23.543165
23.534707
23.526153
23.518034
23.510088
23.502366
23.494978
23.487700
23.480650
23.473878
23.467270
23.461029
23.454853
23.448713
23.443284
23.437840
23.432733
23.427740
23.422820
23.418427
23.414031
23.409947
23.406194
23.402375
23.398907
23.395790
23.392835
23.389957
23.387458
23.384907
23.383044
23.381010
23.378787
23.378513
23.376957
23.376322
23.375394
23.374659
23.374121
23.374146
23.374244
23.374659
23.375637
23.376077
23.377444
23.377546
23.380774
23.380780
23.383174
23.385278
23.387458
23.390081
23.392834
23.395730
23.398940
23.402436
23.406071
23.409947
23.414019
23.418396
23.422930
23.427536
23.432776
23.437887
23.443193
23.448884
23.454835
23.461032
23.467295
23.473813
23.480758
23.487699
23.494991
23.502375
23.510037
23.518031
23.526181
23.534229
23.542946
23.551968
23.561205
23.570327
23.579815
23.589638
23.599259
23.609774
23.620214
23.630877
23.641804
23.652990
23.664380
23.675970
23.687850
23.699849
23.712293
23.724757
23.737688
23.750726
23.763854
23.777469
23.791187
23.805249
23.819472
23.833930
23.848650
23.863634
23.878883
23.894416
23.910005
23.926389
23.942246
23.958521
23.975257
23.992279
24.009456
24.026926
24.044651
24.062613
24.080845
24.099263
24.118043
24.136968
24.156273
24.175680
24.195468
24.215360
24.235756
24.256307
24.276986
24.298044
24.319572
24.341191
24.363111
24.385189
24.407697
24.430356
24.453295
24.476677
24.500133
24.523852
24.547963
24.572428
24.596869
24.621887
24.647259
24.672543
24.698403
24.724514
24.750584
24.777598
24.804315
24.831623
24.859040
24.886991
24.915112
24.943512
24.972306
25.001124
25.030369
25.060311
25.090554
25.120389
25.150770
25.181728
25.212929
25.244549
25.276404
25.308584
25.340982
25.373842
25.407052
25.440373
25.474165
25.508297
25.542917
25.577664
25.612651
25.648229
25.683977
25.720043
25.756604
25.793443
25.830622
25.868127
25.906024
25.944196
25.982905
26.021852
26.061240
26.100949
26.140972
26.181422
26.222180
26.263439
26.305116
26.346982
26.389316
26.432000
26.475227
26.518624
26.562713
26.607011
26.651540
26.696664
26.742221
26.788161
26.834568
26.881228
26.928485
26.975981
27.024035
27.072237
27.121619
27.170820
27.220579
27.270722
27.321356
27.372485
27.423944
27.475971
27.528441
27.581338
27.634827
27.688518
27.743212
27.797291
27.853000
27.908670
27.964995
28.021704
28.078975
28.136755
28.194941
28.253878
28.313120
28.372924
28.433236
28.494148
28.555612
28.617403
28.679861
28.742864
28.806463
28.870595
28.935302
29.000505
29.066341
29.132791
29.199738
29.267385
29.335541
29.404305
29.473662
29.543714
29.614260
29.685442
29.757221
29.829673
29.902909
29.976669
30.051084
30.126203
30.201838
30.278077
30.355284
30.432997
30.511584
30.590685
30.670537
30.751280
30.832487
30.914439
30.997232
31.080665
31.164882
31.249818
31.335839
31.422351
31.509572
31.597671
31.686521
31.776213
31.866685
31.958068
32.050158
32.143151
32.237281
32.331929
32.426878
32.525024
32.621103
32.719550
32.818694
32.918705
33.019792
33.121750
33.224592
33.328455
33.433221
33.539338
33.646049
33.754217
33.863524
33.972528
34.083498
34.195478
34.308435
34.422465
34.537673
34.654031
34.771362
34.890042
35.009695
35.130570
35.252632
35.375935
35.500375
35.625961
35.753121
35.881114
36.010791
36.141488
36.273363
36.406686
36.541360
36.677427
36.814791
36.953657
37.093757
37.235434
37.378565
37.523063
37.669127
37.816763
37.965747
38.116370
38.268700
38.422456
38.577856
38.734961
38.893342
39.053980
39.216135
39.379917
39.545591
39.712927
39.882123
40.053158
40.225996
40.400842
40.577689
40.756176
40.936632
41.119683
41.304359
41.491114
41.679980
41.870994
42.064224
42.259669
42.457366
42.657229
42.859443
43.064022
43.271197
43.480900
43.692227
43.906778
44.123733
44.343332
44.565352
44.790227
45.017857
45.248284
45.481393
45.717404
45.956403
46.198356
46.443170
46.691343
46.942553
47.196915
47.454522
47.715488
47.979857
48.247303
48.518798
48.793560
49.072003
49.354179
49.639944
49.929743
50.223256
50.520951
50.822733
51.128526
51.438563
51.753031
52.071655
52.395091
52.723043
53.055568
53.392872
53.735000
54.082339
54.434524
54.792027
55.154800
55.523083
55.896793
56.276133
56.661348
57.052483
57.449460
57.852786
58.262667
58.678990
59.101733
59.531223
59.967620
60.411348
60.862109
61.320599
61.786579
62.260479
62.742300
63.232419
63.730826
64.237915
64.754121
65.279432
65.813895
66.357913
66.911731
67.475922
68.050282
68.635494
69.231552
69.839010
70.457933
71.088860
71.732127
72.387996
73.056752
73.739009
74.435135
75.145383
75.870399
76.610568
77.366029
78.137905
78.926353
79.731872
80.555045
81.396715
82.257023
83.137111
84.037485
84.958776
85.901726
86.867215
87.855906
88.868937
89.906603
90.970634
92.061211
93.180206
94.328150
95.506376
96.716362
97.958567
99.235318
100.547539
101.897074
103.284990
104.713504
106.184208
107.699125
109.260293
110.869442
112.529575
114.243333
116.012425
117.839826
119.728975
121.682649
123.704762
125.798795
127.968613
130.218589
132.553195
134.977356
137.496754
140.116804
142.843562
145.684363
148.646432
151.737727
154.967108
158.343987
161.879169
165.584093
169.471444
173.555320
177.851116
182.375975
187.149193
192.191768
197.527767
203.183280
209.189134
215.578528
222.389333
229.666793
237.457694
245.820875
254.821046
264.534290
275.048192
286.465748
298.907477
312.516175
327.461973
343.948306
362.221358
382.581629
405.396893
431.126794
460.346099
493.787878
532.393593
577.401128
630.458662
693.805516
770.560956
865.192103
984.301561
1138.059807
1342.926282
1627.310818
2044.624538
2708.121858
3906.198280
6650.206012
18701.019437
29804.210172
9126.336395
5763.400559
4456.738942
3826.204124
3523.535015
