36977.789658
38908.957118
46045.261906
65708.043709
156311.500281
221973.073971
58067.701177
31768.522786
21271.610376
15728.364187
12350.428009
10101.444649
8510.172266
7332.752826
6430.928704
5720.910417
5149.121867
4679.877349
4288.558033
3957.685435
3674.544870
3429.688616
3215.948694
3027.828925
2861.023855
2712.129883
2578.422483
2457.696177
2348.138625
2248.282789
2156.875054
2072.886032
1995.441555
1923.797092
1857.320045
1795.464773
1737.758038
1683.793411
1633.212479
1585.703866
1540.988157
1498.825540
1459.001114
1421.319018
1385.612094
1351.727506
1319.521078
1288.874412
1259.673618
1231.817255
1205.214400
1179.779905
1155.435470
1132.115829
1109.753689
1088.290804
1067.674225
1047.853878
1028.784234
1010.420302
992.722330
975.666087
959.202436
943.307413
927.952248
913.105724
898.744750
884.848257
871.392277
858.356606
845.714343
833.457032
821.566111
810.021065
798.809270
787.917826
777.331614
767.038257
757.023447
747.279943
737.794094
728.556964
719.557698
710.788778
702.242168
693.905411
685.775132
677.841796
670.098477
662.539268
655.156518
647.944442
640.899514
634.011706
627.278547
620.694445
614.255240
607.954177
601.790064
595.755849
589.847252
584.060570
578.397544
572.847466
567.408473
562.078398
556.853858
551.731847
546.709446
541.783686
536.950940
532.209575
527.557935
522.993368
518.510547
514.111217
509.790965
505.545776
501.378163
497.284030
493.260216
489.306684
485.419825
481.599986
477.846651
474.157493
470.528277
466.957623
463.445200
459.991491
456.592200
453.247242
449.954164
446.720096
443.530262
440.391268
437.300919
434.258707
431.262282
428.314174
425.402897
422.540919
419.720387
416.941805
414.203962
411.505221
408.844924
406.223980
403.638568
401.091674
398.581665
396.105139
393.664157
391.254593
388.879962
386.536605
384.227309
381.948520
379.698030
377.480091
375.290304
373.129523
370.998021
368.892811
366.815540
364.761737
362.741170
360.743828
358.770524
356.823190
354.899590
352.998783
351.125234
349.271776
347.442947
345.635398
343.850122
342.087023
340.344311
338.622462
336.922411
335.242391
333.580235
331.939624
330.318040
328.714803
327.130708
325.564270
324.013141
322.486022
320.973568
319.478873
317.999803
316.537098
315.091207
313.662189
312.247010
310.852633
309.468130
308.101102
306.749045
305.411249
304.087724
302.778436
301.485139
300.202965
298.936383
297.682455
296.442870
295.216181
294.001568
292.800607
291.610828
290.432248
289.269878
288.117570
286.976779
285.848600
284.730423
283.625028
282.532797
281.447639
280.374401
279.312549
278.261708
277.221045
276.190972
275.170189
274.161563
273.163470
272.170902
271.190979
270.219948
269.258589
268.307019
267.366453
266.430998
265.505120
264.591179
263.685033
262.786213
261.897240
261.016882
260.142359
259.279094
258.423178
257.574671
256.734633
255.902707
255.076674
254.260294
253.444081
252.656704
251.857281
251.069307
250.287951
249.517785
248.752670
247.995086
247.244012
246.500420
245.758838
245.029207
244.305153
243.587285
242.876271
242.171798
241.472412
240.781329
240.095684
239.415891
238.742228
238.073994
237.411801
236.757062
236.106355
235.462967
234.823321
234.191261
233.564557
232.943411
232.327893
231.715587
231.111546
230.510642
229.916459
229.326417
228.744416
228.165561
227.589938
227.020993
226.457709
225.897723
225.340957
224.793907
224.249077
223.710995
223.174531
222.644186
222.116664
221.597079
221.080373
220.568530
220.059864
219.556406
219.057382
218.562974
218.072522
217.586405
217.104220
216.626181
216.152398
215.683479
215.217532
214.755912
214.301208
213.845154
213.395695
212.950148
212.508695
212.069896
211.635503
211.204951
210.777764
210.355076
209.940524
209.520397
209.108188
208.699713
208.295032
207.894101
207.495708
207.100293
206.711416
206.322383
205.938211
205.557730
205.180513
204.807560
204.435312
204.068606
203.703685
203.343796
202.985991
202.630330
202.278737
201.930923
201.584514
201.244206
200.902476
200.567632
200.233750
199.903678
199.576906
199.252431
198.932041
198.613967
198.295727
197.983615
197.674310
197.366846
197.062698
196.761972
196.460914
196.167070
195.875469
195.584081
195.296219
195.010837
194.728938
194.449232
194.170894
193.896185
193.626190
193.355445
193.088457
192.826104
192.563727
192.302151
192.047174
191.793916
191.540557
191.292591
191.045049
190.802018
190.558513
190.320341
190.084397
189.848511
189.617790
189.387850
189.159820
188.933086
188.710302
188.489804
188.270168
188.055417
187.841294
187.629726
187.420139
187.213239
187.008564
186.805610
186.604319
186.407306
186.209297
186.016590
185.824556
185.635501
185.448696
185.262072
185.077982
184.898832
184.718938
184.541165
184.367002
184.192760
184.022449
183.854031
183.689265
183.522489
183.359523
183.199174
183.039997
182.884580
182.730184
182.578140
182.428100
182.276276
182.132378
181.986220
181.843554
181.702453
181.562769
181.426434
181.290793
181.157121
181.026716
180.897977
180.770232
180.644430
180.520033
180.398539
180.274200
180.159115
180.044884
179.929147
179.816888
179.705255
179.597059
179.489195
179.384413
179.278132
179.179864
179.078626
178.981008
178.883942
178.789233
178.696512
178.602895
178.515148
178.429553
178.343610
178.259763
178.177887
178.097575
178.018318
177.942094
177.866627
177.793864
177.722022
177.652262
177.583717
177.516477
177.451925
177.386677
177.329490
177.266522
177.210851
177.153017
177.100017
177.046725
176.995945
176.945707
176.900136
176.856834
176.808153
176.765702
176.724953
176.685013
176.648237
176.611216
176.578357
176.544833
176.515082
176.485271
176.458459
176.432175
176.408080
176.385691
176.364109
176.345613
176.326911
176.311270
176.296946
176.284444
176.272644
176.272566
176.256577
176.250277
176.251646
176.245041
176.244143
176.248947
176.249695
176.252227
176.256599
176.264688
176.274610
176.286333
176.297855
176.311215
176.327371
176.345076
176.365072
176.386190
176.408080
176.431434
176.458692
176.485498
176.515071
176.544219
176.578025
176.613969
176.647933
176.685820
176.725257
176.765685
176.808440
176.854935
176.899275
176.946546
176.996204
177.046113
177.099956
177.153794
177.210906
177.267580
177.328791
177.392562
177.452376
177.516681
177.583728
177.652251
177.722445
177.791332
177.866649
177.942247
178.018395
178.097476
178.177849
178.259571
178.343955
178.430440
178.515449
178.606143
178.696725
178.789457
178.883910
178.981046
179.079013
179.180213
179.279286
179.385327
179.489440
179.597173
179.705342
179.816508
179.929636
180.043669
180.159207
180.277585
180.399199
180.518935
180.644625
180.769962
180.898042
181.027762
181.156894
181.290502
181.426606
181.562941
181.702517
181.843511
181.986145
182.132314
182.276329
182.428989
182.577766
182.730388
182.884452
183.040285
183.200198
183.359768
183.523127
183.688861
183.854212
184.022460
184.192844
184.366801
184.541281
184.719382
184.898790
185.078256
185.261755
185.448190
185.635658
185.824367
186.016422
186.210608
186.406782
186.604654
186.805537
187.008397
187.213062
187.420358
187.629882
187.840441
188.054783
188.270926
188.489846
188.710178
188.933375
189.159624
189.385262
189.618181
189.845959
190.084007
190.320279
190.558390
190.801998
191.044927
191.292367
191.541965
191.793040
192.050673
192.304324
192.564295
192.826316
193.088508
193.355728
193.624859
193.896668
194.171588
194.448861
194.728958
195.010807
195.296389
195.584451
195.874910
196.166543
196.462624
196.761525
197.062688
197.366945
197.673954
197.983921
198.296495
198.612039
198.931050
199.252627
199.576867
199.903717
200.233653
200.567574
200.902826
201.243333
201.587392
201.930817
202.278650
202.630273
202.986058
203.343882
203.703484
204.068338
204.436124
204.808066
205.180551
205.557721
205.937917
206.321948
206.710490
207.101009
207.494785
207.894176
208.294741
208.699835
209.108973
209.520416
209.937956
210.355883
210.778431
211.205422
211.636019
212.069914
212.507987
212.949607
213.394844
213.845867
214.296742
214.755211
215.217241
215.683153
216.152724
216.626461
217.102402
217.586612
218.072818
218.563197
219.057284
219.556442
220.059731
220.568247
221.080223
221.596991
222.118053
222.644107
223.174443
223.710925
224.249477
224.793829
225.343852
225.898190
226.457812
227.020460
227.589989
228.165519
228.744322
229.326749
229.916417
230.511108
231.112831
231.716169
232.328070
232.943336
233.564432
234.191645
234.825184
235.462668
236.105536
236.757359
237.411793
238.074125
238.742016
239.415793
240.096449
240.780258
241.471417
242.171491
242.876431
243.588007
244.304505
245.028203
245.754737
246.501268
247.242448
247.994109
248.751979
249.517801
250.288810
251.071205
251.857149
252.652306
253.455818
254.260555
255.078052
255.903302
256.734131
257.575080
258.421818
259.279862
260.142644
261.017016
261.897135
262.786272
263.684930
264.591504
265.505400
266.431144
267.367140
268.306815
269.258734
270.219876
271.191295
272.170744
273.158908
274.161677
275.169465
276.190944
277.221355
278.261834
279.312269
280.374359
281.448055
282.530612
283.625358
284.731302
285.848682
286.976970
288.117679
289.269932
290.431952
291.609917
292.800460
294.001887
295.215956
296.442909
297.682573
298.936213
300.203369
301.484841
302.779416
304.087801
305.411288
306.748816
308.101178
309.468218
310.845093
312.245259
313.662513
315.091542
316.537419
317.999803
319.478604
320.973227
322.487161
324.017168
325.564942
327.130541
328.715184
330.318147
331.940048
333.580833
335.238546
336.922724
338.622624
340.344632
342.086795
343.850190
345.635262
347.442621
349.271653
351.125211
353.000719
354.899381
356.822884
358.770448
360.743806
362.741277
364.763708
366.816201
368.892261
370.997305
373.129899
375.290346
377.479573
379.698668
381.948970
384.226069
386.536241
388.879179
391.254313
393.664137
396.104685
398.581822
401.092083
403.637542
406.223249
408.845039
411.504822
414.203792
416.942124
419.720480
422.540383
425.404018
428.310726
431.261721
434.258222
437.300687
440.390310
443.527708
446.713782
449.957915
453.248259
456.593980
459.991610
463.445250
466.957707
470.528227
474.157295
477.846537
481.600619
485.421032
489.307435
493.259867
497.284328
501.378537
505.545482
509.790597
514.110761
518.510396
522.993248
527.558172
532.209604
536.951202
541.783052
546.709418
551.732102
556.853689
562.078815
567.408666
572.846947
578.396679
584.060544
589.848365
595.755377
601.789856
607.954228
614.255240
620.694696
627.278845
634.010622
640.897661
647.946395
655.156494
662.539456
670.098570
677.841519
685.774858
693.903654
702.241500
710.789790
719.558285
728.557264
737.794221
747.279483
757.023324
767.037116
777.331895
787.918976
798.809309
810.020833
821.565655
833.456695
845.714417
858.345137
871.388045
884.850906
898.745063
913.106579
927.952349
943.307380
959.202794
975.665062
992.726517
1010.420766
1028.783809
1047.854117
1067.674225
1088.290460
1109.753013
1132.113345
1155.436119
1179.780223
1205.214919
1231.817204
1259.673470
1288.874751
1319.520936
1351.726535
1385.612410
1421.318314
1459.000000
1498.826124
1540.988563
1585.703156
1633.212325
1683.791332
1737.763937
1795.464425
1857.320045
1923.797741
1995.441743
2072.885429
2156.874938
2248.280120
2348.142351
2457.688853
2578.421998
2712.130712
2861.022981
3027.828099
3215.947761
3429.676515
3674.545822
3957.687582
4288.559898
4679.876921
5149.121867
5720.909019
6430.932125
7332.746825
8510.178377
10101.439897
12350.424770
15728.369273
21271.612633
31768.524801
58067.698973
221973.073971
156311.513383
65708.047605
46045.263296
38908.965342
