0.000000
48.696740
194.558994
436.903908
774.596818
1206.056469
1729.262233
2341.763397
3040.690082
3822.766530
4684.326329
5621.328676
6629.376907
7703.738930
8839.368148
10030.927390
11272.812575
12559.178184
13883.964974
15240.925901
16623.656732
18025.623174
19440.192656
20860.663345
22280.294565
23692.338419
25090.070421
26466.820423
27816.000938
29131.141297
30405.913143
31634.161505
32809.932981
33927.501412
34981.395653
35966.424032
36877.697985
37710.653192
38461.073786
39125.107909
39699.286950
40180.542283
40566.217313
40854.081587
41042.340419
41129.641224
41115.083327
40998.219376
40779.058038
40458.064480
40036.158753
39514.709942
38895.531625
38180.873745
37373.409519
36476.228748
35492.818299
34427.048982
33283.157982
32065.729925
30779.674298
29430.203691
28022.812186
26563.247163
25057.486548
23511.707964
21932.264358
20325.652196
18698.482853
17057.453829
15409.316153
13760.845392
12118.810069
10489.940103
8880.898100
7298.248338
5748.425813
4237.707956
2772.186002
1357.737778
-0.000000
-1295.656839
-2524.152868
-3680.721884
-4760.932628
-5760.709687
-6676.351631
-7504.547770
-8242.392456
-8887.399204
-9437.512196
-9891.114337
-10247.035099
-10504.556201
-10663.413730
-10723.800437
-10686.364181
-10552.204210
-10322.867538
-10000.340091
-9587.039126
-9085.800665
-8499.867723
-7832.874447
-7088.829778
-6272.098984
-5387.383915
-4439.701221
-3434.359015
-2376.933371
-1273.241853
-129.317643
1048.618703
2254.187279
3480.878268
4722.081846
5971.118297
7221.268463
8465.804972
9698.022494
10911.268800
12098.975177
13254.686349
14372.090190
15445.046820
16467.615924
17434.085259
18338.995744
19177.166772
19943.720246
20634.102975
21244.106844
21769.888973
22207.989328
22555.345164
22809.308086
22967.653126
23028.590482
22990.774093
22853.307864
22615.748868
22278.109769
21840.860538
21304.923772
20671.673480
19942.926014
19120.934757
18208.377695
17208.346179
16124.331901
14960.209245
13720.219410
12408.950449
11031.315540
9592.532772
8098.100687
6553.772223
4965.529518
3339.556734
1682.212524
-0.000000
-1700.462242
-3412.470171
-5129.264772
-6844.062164
-8550.085579
-10240.595627
-11908.920948
-13548.487448
-15152.849457
-16715.719678
-18230.995798
-19692.788906
-21095.451151
-22433.599597
-23702.142701
-24896.302386
-26011.634410
-27044.051755
-27989.839230
-28845.674162
-29608.637765
-30276.231770
-30846.387492
-31317.474847
-31688.311130
-31958.165950
-32126.764533
-32194.286624
-32161.369981
-32029.102918
-31799.021799
-31473.103566
-31053.755396
-30543.805076
-29946.487562
-29265.429892
-28504.633724
-27668.459495
-26761.603480
-25789.077975
-24756.188193
-23668.507169
-22531.851466
-21352.253729
-20135.934292
-18889.274961
-17618.787697
-16331.085698
-15032.853008
-13730.814241
-12431.703285
-11142.232710
-9869.063414
-8618.773331
-7397.828438
-6212.552176
-5069.096901
-3973.416121
-2931.236584
-1948.032564
-1029.000416
-179.035244
597.291857
1295.754634
1912.490962
2444.020650
2887.261344
3239.542528
3498.618106
3662.676356
3730.348604
3700.715328
3573.310225
3348.122908
3025.598963
2606.637455
2092.587309
1485.241152
786.827460
-0.000000
-872.174014
-1826.227840
-2858.310944
-3964.206195
-5139.349632
-6378.851018
-7677.516060
-9029.869392
-10430.180293
-11872.489270
-13350.633810
-14858.277023
-16388.937092
-17936.015397
-19492.828295
-21052.636618
-22608.675355
-24154.187230
-25682.449940
-27186.810338
-28660.711415
-30097.725216
-31491.580344
-32836.189814
-34125.680448
-35354.419352
-36517.039661
-37608.462216
-38623.924200
-39558.995322
-40409.601034
-41172.041131
-41843.004550
-42419.586370
-42899.300989
-43280.092473
-43560.343175
-43738.884645
-43814.998701
-43788.422700
-43659.351666
-43428.434942
-43096.775469
-42665.924352
-42137.871083
-41515.039276
-40800.271688
-39996.818449
-39108.322501
-38138.803823
-37092.638632
-35974.541788
-34789.544866
-33542.970922
-32240.414727
-30887.712618
-29490.918469
-28056.275597
-26590.188891
-25099.194259
-23589.928884
-22069.103260
-20543.467423
-19019.783317
-17504.790754
-16005.179939
-14527.558420
-13078.421946
-11664.125695
-10290.853664
-8964.592020
-7691.100975
-6475.888213
-5324.185028
-4240.921968
-3230.705724
-2297.798812
-1446.100053
-679.127128
0.000000
588.572962
1084.307302
1485.352843
1790.301907
1998.196088
2108.530305
2121.255128
2036.776704
1855.955171
1580.100720
1210.967260
750.744455
202.047802
-432.093390
-1148.250072
-1942.608852
-2810.989704
-3748.865013
-4751.380136
-5813.376040
-6929.412249
-8093.792405
-9300.590036
-10543.675350
-11816.743666
-13113.344135
-14426.909669
-15750.785466
-17078.261763
-18402.602275
-19717.076463
-21014.989937
-22289.714376
-23534.718943
-24743.599615
-25910.108524
-27028.181703
-28091.969194
-29095.859049
-30034.504275
-30902.848133
-31696.145290
-32409.985696
-33040.313714
-33583.445492
-34036.088952
-34395.356150
-34658.777440
-34824.312963
-34890.362729
-34855.772133
-34719.839237
-34482.317600
-34143.415385
-33703.799147
-33164.585894
-32527.340894
-31794.070142
-30967.212020
-30049.624495
-29044.572744
-27955.716473
-26787.089835
-25543.086952
-24228.438099
-22848.191977
-21407.689835
-19912.542323
-18368.605150
-16781.950383
-15158.840639
-13505.699872
-11829.083253
-10135.649442
-8432.129763
-6725.296128
-5021.931479
-3328.798880
-1652.611306
0.000000
1622.515067
3208.554813
4751.910012
6246.568963
7686.745875
9066.906610
10381.793869
11626.450061
12796.240995
13886.877493
14894.432984
15815.362064
16646.517345
17385.161989
18028.984055
18576.105639
19025.090812
19374.954241
19625.162517
19775.639628
19826.764241
19779.370346
19634.741872
19394.606590
19061.128669
18636.899074
18124.923012
17528.605162
16851.736687
16098.474944
15273.325919
14381.123696
13427.007160
12416.397505
11354.972973
10248.642916
9103.520281
7925.894458
6722.201553
5498.995650
4262.918225
3020.668118
1778.970737
544.547130
-675.916586
-1875.799955
-3048.578681
-4187.853962
-5287.382512
-6341.104596
-7343.172049
-8287.975073
-9170.167998
-9984.693211
-10726.805487
-11392.092712
-11976.496330
-12476.330468
-12888.298732
-13209.508869
-13437.485990
-13570.185365
-13605.999898
-13543.769511
-13382.784612
-13122.791409
-12763.991704
-12307.042397
-11753.053481
-11103.581849
-10360.625328
-9526.613216
-8604.394649
-7597.227184
-6508.761620
-5343.024442
-4104.400393
-2797.612474
-1427.701057
0.000000
1479.887092
3006.112317
4572.610041
6173.123908
7801.236361
9450.397271
11113.953808
12785.179658
14457.306817
16123.556979
17777.170542
19411.437945
21019.731191
22595.532050
24132.463940
25624.319594
27065.088291
28448.986265
29770.478971
31024.310265
32205.522533
33309.482723
34331.901082
35268.850396
36116.785058
36872.557243
37533.431142
38097.092396
38561.664242
38925.710548
39188.245215
39348.736391
39407.107334
39363.738214
39219.464034
38975.570257
38633.786190
38196.279706
37665.644140
37044.887700
36337.420762
35547.037939
34677.902947
33734.528519
32721.754664
31644.729154
30508.881838
29319.900239
28083.704045
26806.418314
25494.344058
24153.930928
22791.747400
21414.449385
20028.752824
18641.399587
17259.128719
15888.645407
14536.590367
13209.508869
11913.820866
10655.793038
9441.508346
8276.839795
7167.422189
6118.627845
5135.540781
4222.934185
3385.248650
2626.571483
1950.618376
1360.716257
859.788118
450.339718
134.448167
-86.247793
-210.555067
-237.731730
-167.490502
0.000000
264.116001
623.781403
1077.472657
1623.225579
2258.644533
2980.913257
3786.807697
4672.710410
5634.627366
6668.206550
7768.756948
8931.270340
10150.444497
11420.706396
12736.238830
14091.006428
15478.782287
16893.178438
18327.672445
19775.639628
21230.381086
22685.156425
24133.212824
25567.816087
26982.281774
28370.006034
29724.495848
31039.396027
32308.523026
33525.888511
34685.729250
35782.533437
36811.064038
37766.384626
38643.881488
39439.284083
40148.683962
40768.555593
41295.768750
41727.604650
42061.769238
42296.401365
42430.083755
42461.848432
42391.179380
42218.018972
41942.765057
41566.269560
41089.835863
40515.212856
39844.585094
39080.565123
38226.181154
37284.860771
36260.420539
35157.043256
33979.261718
32731.938010
31420.241606
30049.624495
28625.796500
27154.701630
25642.487758
24095.481950
22520.158322
20923.111776
19311.025525
17690.641527
16068.730895
14452.061211
12847.367226
11261.319599
9700.493777
8171.341868
6680.162581
5233.071618
3835.974690
2494.540659
1214.176130
-0.000000
-1143.179341
-2210.885857
-3198.996195
-4103.758055
-4921.807928
-5650.186028
-6286.349664
-6828.184244
-7274.013480
-7622.607325
-7873.186437
-8025.425969
-8079.457538
-8035.867589
-7895.695587
-7660.428504
-7331.993934
-6912.751869
-6405.482831
-5813.376040
-5140.014045
-4389.356908
-3565.723467
-2673.771717
-1718.477697
-705.112331
360.782315
1473.418968
2626.791074
3814.700649
5030.786666
6268.554042
7521.403270
8782.660935
10045.610207
11303.521330
12549.682490
13777.430993
14980.183192
16151.464725
17284.940770
18374.443890
19414.003645
20397.873073
21320.554706
22176.827031
22961.767371
23670.774516
24299.590150
24844.318877
25301.444776
25667.848548
25940.822395
26118.079989
26197.771049
26178.486025
26059.264388
25839.599587
25519.441154
25099.194259
24579.717916
23962.323455
23248.765347
22441.236694
21542.356126
20555.158937
19483.081059
18329.944402
17099.940466
15797.609547
14427.821772
12995.754287
11506.866795
9966.878952
8381.743610
6757.618578
5100.839645
3417.891852
1715.380486
-0.000000
-1721.495875
-3442.324772
-5155.706500
-6854.893253
-8533.201434
-10184.041492
-11800.947880
-13377.607289
-14907.888764
-16385.872118
-17805.872775
-19162.468435
-20450.524619
-21665.215958
-22802.050391
-23856.888234
-24825.959984
-25705.886171
-26493.689261
-27186.810338
-27783.117668
-28280.919212
-28678.968179
-28976.468569
-29173.079526
-29268.917100
-29264.553205
-29161.010853
-28959.763714
-28662.725068
-28272.241028
-27791.079974
-27222.418293
-26569.827106
-25837.255627
-25029.012763
-24149.746624
-23204.425526
-22198.312435
-21136.942425
-20026.097443
-18871.778732
-17680.180457
-16457.661111
-15210.713303
-13945.935802
-12670.002235
-11389.630479
-10111.552426
-8842.483072
-7589.089410
-6357.960259
-5155.576151
-3988.279237
-2862.245031
-1783.453261
-757.661114
209.623335
1113.166372
1948.032564
2709.607242
3393.618016
3996.153748
4513.683340
4943.070867
5281.591069
5526.941017
5677.251076
5731.093659
5687.489391
5545.912227
5306.291480
4969.012086
4534.913619
4005.286320
3381.864771
2666.820429
1862.751856
972.673219
-0.000000
-1051.466196
-2177.554922
-3373.745812
-4635.188754
-5956.726677
-7332.918702
-8758.064887
-10226.231396
-11731.278400
-13266.888610
-14826.594501
-16403.808209
-17991.852436
-19583.989205
-21173.452300
-22753.477228
-24317.330955
-25858.345173
-27369.943370
-28845.674162
-30279.237325
-31664.515786
-32995.601194
-34266.820669
-35472.763804
-36608.307495
-37668.638861
-38649.274753
-39546.087333
-40355.317788
-41073.596053
-41697.956175
-42225.848167
-42655.151297
-42984.183321
-43211.707672
-43336.938151
-43359.545960
-43279.656971
-43097.853150
-42815.170598
-42433.092863
-41953.546004
-41378.889125
-40711.901799
-39955.775193
-39114.094140
-38190.821963
-37190.282357
-36117.140625
-34976.380040
-33773.281311
-32513.398206
-31202.529765
-29846.698375
-28452.117792
-27025.167168
-25572.361699
-24100.323238
-22615.748868
-21125.380607
-19635.976393
-18154.276780
-16686.976678
-15240.692216
-13821.933239
-12437.071479
-11092.312360
-9793.667306
-8546.925165
-7357.626785
-6231.039291
-5172.131764
-4185.553487
-3275.612436
-2446.255107
-1701.049014
-1043.166408
-475.369998
0.000000
381.036317
666.273281
854.693468
945.732234
939.280470
835.684922
635.746569
340.716875
-47.707797
-527.394036
-1095.781282
-1749.893304
-2486.352124
-3301.393096
-4190.882503
-5150.336280
-6174.940268
-7259.572960
-8398.827789
-9587.039126
-10818.306902
-12086.524796
-13385.407328
-14708.518530
-16049.301735
-17401.109754
-18757.234964
-20110.938925
-21455.485795
-22784.170299
-24090.349864
-25367.475206
-26609.119004
-27809.006362
-28961.043601
-30059.345465
-31098.261388
-32072.404098
-32976.670790
-33806.268525
-34556.736308
-35223.963973
-35804.212834
-36294.132030
-36690.772457
-36991.603410
-37194.521653
-37297.861705
-37300.403901
-37201.380632
-37000.477992
-36697.839229
-36294.063904
-35790.202736
-35187.758075
-34488.671637
-33695.318641
-32810.496994
-31837.414812
-30779.674298
-29641.256012
-28426.502812
-27140.096847
-25787.041799
-24372.636532
-22902.454719
-21382.316467
-19818.263048
-18216.530623
-16583.519679
-14925.767873
-13249.919340
-11562.693818
-9870.858026
-8181.194224
-6500.468145
-4835.399325
-3192.630446
-1578.697702
0.000000
1537.229576
3026.952062
4463.350048
5840.853581
7154.166479
8398.289924
9568.545093
10660.593610
11670.458227
12594.541402
13429.639957
14172.960247
14822.131467
15375.214868
15830.714213
16187.581454
16445.220843
16603.493319
16662.714759
16623.656732
16487.540661
16256.034121
15931.241696
15515.695502
15012.343927
14424.537882
13756.015813
13010.884885
12193.604628
11308.964332
10362.062178
9358.281673
8303.266609
7202.895696
6063.255377
4890.611814
3691.382390
2472.106480
1239.414873
-0.000000
-1239.414873
-2472.106480
-3691.382390
-4890.611814
-6063.255377
-7202.895696
-8303.266609
-9358.281673
-10362.062178
-11308.964332
-12193.604628
-13010.884885
-13756.015813
-14424.537882
-15012.343927
-15515.695502
-15931.241696
-16256.034121
-16487.540661
-16623.656732
-16662.714759
-16603.493319
-16445.220843
