1934252.381464
3049344.599085
10308279.189750
1731287.856403
952429.963544
664579.747293
514031.027608
420636.493253
356392.836741
309085.970798
275913.686678
11183232.597008
262416.920430
223424.907475
202237.134157
186274.196173
173169.252883
162017.298829
152334.910195
143814.209034
136240.885963
129455.065625
123334.318468
117781.689307
112719.181260
108082.997442
103820.428356
99887.132465
96245.909046
92864.964847
89716.769625
86778.014543
84028.237540
81449.605720
79026.761644
76745.373906
74593.695390
72560.919068
70637.243887
68814.231086
67084.067617
65439.823961
63875.292500
62384.562193
60962.935362
59605.480553
58307.677162
57066.193144
55877.076516
54737.178590
53643.633583
52593.435940
51584.191067
50613.601966
49679.306919
48779.536693
47912.269159
47075.882913
46268.619517
45489.093198
44735.871244
44007.602252
43302.899672
42621.430854
41961.167572
41321.538790
40701.554958
40100.226433
39516.783675
38950.599277
38400.661661
37866.426290
37347.256071
36842.504149
36351.670773
35873.926799
35408.938081
34956.245107
34515.309994
34085.766648
33667.028381
33258.799016
32860.751543
32472.240452
32093.236172
31723.436888
31362.121357
31009.283771
30664.634483
30327.833289
29998.611168
29676.903342
29362.079490
29054.203689
28753.040604
28458.340078
28169.889173
27887.449220
27610.949712
27340.059400
27074.789454
26814.744601
26560.015663
26310.254731
26065.436425
25825.307278
25589.880500
25358.904708
25132.326912
24909.979366
24691.661426
24477.623414
24267.286292
24060.840218
23858.038813
23658.904117
23463.329005
23271.099329
23082.273718
22896.651284
22714.261247
22534.869691
22358.558093
22185.250596
22014.760866
21846.937360
21681.832395
21519.853531
21360.236703
21203.175611
21048.416568
20896.287134
20746.515081
20599.027550
20453.818421
20310.840455
20170.056222
20031.392962
19894.837923
19760.155465
19627.695535
19497.131686
19368.358526
19241.505970
19116.494239
18993.324301
18871.976261
18752.068259
18634.043684
18517.700073
18402.934549
18289.665716
18178.010452
18067.892406
17959.271255
17852.105310
17746.355119
17642.131391
17539.068162
17437.603505
17337.285601
17238.379506
17140.835919
17044.364699
16949.207887
16855.298514
16762.638456
16670.982694
16580.582378
16491.289337
16403.117752
16316.098063
16230.022551
16145.117900
16060.970830
15978.165602
15896.292901
15815.373786
15735.442796
15656.388345
15578.344970
15501.176730
15424.958995
15349.596477
15275.114402
15201.479928
15128.701200
15056.827820
14985.662481
14915.420209
14845.801561
14777.193238
14709.198211
14642.064335
14575.572442
14509.875258
14444.861232
14380.613061
14317.071209
14254.155885
14191.979707
14130.490154
14069.579667
14009.340884
13949.866236
13890.932870
13832.717159
13774.948857
13717.915877
13661.365671
13605.578856
13550.208264
13495.531705
13441.325530
13387.785478
13334.717395
13282.222706
13230.227209
13178.798731
13127.890310
13077.484773
13027.533305
12978.062721
12929.300677
12880.839103
12832.957570
12785.523063
12738.452025
12691.964702
12645.980863
12600.342852
12555.083114
12510.382248
12466.082624
12422.202059
12378.709464
12335.798961
12293.183802
12250.874908
12209.176221
12167.772516
12126.752574
12086.116332
12045.888925
12006.011827
11966.102791
11927.523129
11888.759061
11850.360332
11812.329829
11774.664326
11737.341437
11700.360336
11663.765430
11627.409686
11591.505165
11555.870543
11520.546862
11485.395248
11450.966771
11416.617012
11382.530474
11348.885408
11315.419568
11282.273530
11249.516967
11216.937550
11184.653772
11152.796241
11121.208927
11089.717039
11058.696487
11027.896989
10997.337860
10967.022568
10937.100896
10907.368152
10877.862290
10848.674020
10819.701290
10791.046659
10762.616782
10734.405992
10706.476545
10678.775960
10651.319543
10624.055723
10597.178492
10570.428563
10543.905159
10517.567019
10491.609600
10465.764377
10440.239078
10414.821746
10389.663710
10364.767243
10340.010058
10315.588204
10291.149596
10267.163971
10243.252608
10219.612517
10196.175361
10172.926423
10149.869753
10127.112125
10104.353913
10081.896647
10059.643731
10037.585766
10015.683701
9993.947368
9972.453660
9951.101648
9930.095669
9909.065748
9888.257278
9867.617747
9847.342383
9827.036176
9807.018711
9787.205934
9767.370578
9747.864176
9728.480662
9709.219536
9690.193806
9671.326693
9652.608767
9634.157981
9615.493331
9597.486754
9579.413761
9561.517034
9543.675183
9526.118202
9508.639861
9491.466483
9474.253955
9457.298557
9440.448718
9423.733443
9407.259750
9390.838940
9374.588204
9358.524243
9342.419387
9326.685585
9311.034314
9295.541297
9280.011207
9264.756014
9249.658156
9234.712340
9219.876789
9205.116838
9190.499878
9176.076286
9161.668844
9147.511137
9133.437907
9119.511390
9105.705025
9092.007919
9078.462425
9064.900220
9051.747235
9038.581747
9025.520262
9012.501096
8999.757330
8987.058696
8974.663002
8962.062263
8949.715973
8937.503007
8925.427049
8913.367938
8901.566604
8889.789199
8878.160170
8866.441902
8855.239805
8843.938941
8832.713286
8821.509168
8810.690325
8799.827271
8789.171520
8778.460913
8767.984033
8757.519283
8747.199781
8737.015509
8726.716221
8716.929735
8707.088147
8697.197710
8687.575496
8677.981793
8668.532056
8659.134368
8649.873988
8640.652753
8631.710375
8622.666873
8613.776408
8604.963219
8596.341547
8587.764785
8579.284352
8570.880468
8562.638846
8554.430431
8546.359693
8538.325363
8530.446647
8522.577075
8514.886259
8507.342711
8499.735996
8492.350440
8485.015969
8477.778954
8470.580618
8463.616721
8456.748784
8449.717628
8442.928402
8436.236128
8429.633444
8423.091594
8416.684383
8410.382155
8404.056640
8397.917837
8391.793134
8385.836631
8379.943198
8374.127298
8368.369017
8362.752179
8357.212454
8351.769154
8346.358727
8341.216218
8335.853166
8330.725779
8325.745132
8320.740832
8315.808560
8311.021117
8306.324819
8301.722231
8297.208205
8292.720663
8288.323353
8284.111057
8279.835747
8275.688249
8271.708409
8267.699075
8263.810259
8260.037772
8256.398731
8252.661147
8249.081888
8245.675230
8242.269105
8238.933426
8235.746961
8232.558290
8229.423309
8226.447593
8223.559327
8220.745952
8217.945242
8215.406502
8212.646346
8210.165894
8207.752920
8205.384086
8203.079422
8200.859467
8198.800888
8196.659320
8194.744657
8192.852006
8190.977719
8189.256621
8187.510977
8186.042511
8184.542260
8183.085970
8181.751646
8180.498518
8179.268427
8178.212030
8177.087501
8176.174900
8175.586340
8174.488363
8173.704423
8173.071638
8172.482365
8172.032305
8171.646835
8171.244458
8170.901052
8170.401459
8170.662641
8170.624945
8170.662397
8170.651626
8170.900562
8171.244948
8171.599599
8172.039892
8172.528862
8173.095619
8173.724488
8174.500107
8175.065015
8176.194469
8177.115139
8178.139886
8179.280653
8180.500474
8181.750424
8183.194486
8184.530041
8186.038602
8187.758179
8189.248317
8190.991637
8192.857377
8194.752955
8196.665664
8198.805279
8200.856053
8203.084786
8205.443559
8207.739762
8210.166868
8212.672160
8215.334929
8217.937454
8220.744978
8223.529169
8226.468501
8229.434002
8232.562663
8235.744047
8238.956245
8242.205045
8245.669894
8249.087222
8252.649029
8256.378867
8260.035835
8263.819456
8267.759551
8271.719531
8275.688733
8279.701444
8284.144373
8288.327696
8292.717287
8297.191332
8301.742468
8306.276181
8311.006678
8315.835977
8320.614881
8325.712462
8330.730100
8335.892994
8341.243073
8346.391316
8351.773464
8357.220591
8362.759353
8368.386224
8374.126342
8379.936038
8385.821367
8391.850809
8397.917837
8404.072346
8410.306059
8416.691987
8423.091594
8429.631071
8436.242291
8442.924138
8449.718575
8456.715675
8463.588837
8470.587229
8477.777539
8485.020212
8492.330658
8499.796703
8507.334248
8514.915384
8522.527325
8530.463528
8538.326768
8546.316165
8554.406116
8562.672480
8570.888402
8579.254979
8587.739633
8596.348527
8604.967867
8613.769442
8622.670120
8631.661254
8640.653679
8649.867051
8659.113119
8668.549590
8677.978566
8687.566288
8697.214727
8707.058286
8716.932029
8726.852812
8737.021460
8747.180574
8757.522937
8767.966241
8778.474583
8789.150585
8799.824089
8810.634483
8821.431176
8832.716004
8843.938941
8855.252904
8866.524460
8878.186301
8889.787399
8901.603451
8913.388581
8925.421223
8937.510168
8949.718208
8962.064048
8974.433910
8987.055135
8999.785775
9012.466921
9025.508739
9038.587500
9051.761376
9064.968174
9078.489742
9092.006599
9105.592567
9119.506566
9133.443162
9147.511137
9161.675829
9176.056669
9190.530344
9205.114231
9219.848155
9234.633073
9249.684968
9264.756446
9280.010776
9295.428124
9310.959993
9326.689874
9342.498167
9358.496460
9374.581804
9390.839792
9407.243592
9423.725378
9440.565661
9457.298134
9474.225668
9491.430240
9508.627241
9526.117362
9543.674764
9561.552594
9579.445913
9597.487171
9615.678863
9634.131409
9652.606280
9671.324211
9690.192155
9709.240135
9728.444480
9747.867869
9767.389416
9786.961939
9807.089680
9827.036990
9847.352538
9867.658689
9888.273864
9909.077051
9930.009869
9951.094010
9972.436412
9993.953372
10015.691289
10037.606488
10059.580508
10081.896647
10104.360247
10127.056038
10149.867388
10172.925636
10196.163985
10219.694712
10243.223711
10267.169425
10291.252208
10315.592857
10340.008124
10364.765699
10389.653315
10414.828659
10440.242526
10465.768199
10491.634000
10517.538115
10543.912367
10570.424400
10597.179625
10624.142695
10651.304897
10678.786073
10706.500455
10734.409718
10762.617525
10791.051107
10819.695375
10848.675495
10877.765212
10907.369985
10937.091752
10966.989012
10997.323311
11027.894450
11058.710956
11089.772586
11121.188426
11152.794448
11184.390909
11216.958590
11249.534390
11282.264666
11315.428052
11348.892457
11382.533286
11416.539581
11450.988429
11485.576346
11520.546515
11555.870543
11591.505165
11627.409686
11663.742110
11700.374011
11737.382332
11774.713245
11812.390105
11850.360332
11888.755023
11927.547946
11966.463137
12006.019157
12045.910841
12086.073970
12126.773025
12167.776461
12209.136251
12250.962411
12293.194215
12335.802852
12378.740485
12422.212363
12466.089684
12510.382248
12555.093309
12600.339043
12645.895461
12691.955878
12738.448257
12785.516806
12832.936375
12880.845935
12929.292633
12977.971490
13027.513040
13077.485997
13127.975015
13178.797517
13230.227209
13282.224512
13334.725794
13387.761575
13441.270178
13495.530519
13550.244278
13605.535344
13661.362158
13717.917043
13774.938403
13832.798126
13890.906954
13949.872544
14009.286063
14069.566589
14130.515065
14191.969560
14254.141293
14317.057798
14380.654783
14444.862339
14509.869744
14575.541156
14642.088376
14709.199298
14777.178621
14845.889936
14915.400900
14985.670489
15056.846947
15128.691682
15201.493611
15275.117545
15349.580320
15424.958476
15500.906296
15578.345997
15656.405207
15735.376703
15815.384915
15896.295921
15978.142070
16061.027613
16145.104026
16230.021565
16316.077960
16403.122630
16491.289337
16580.580448
16670.980775
16762.629865
16855.274783
16949.198447
17044.382535
17140.809783
17238.430555
17337.286524
17437.541111
17539.183105
17642.077882
17746.372249
17852.069460
17959.265909
18067.890635
18178.013973
18289.655218
18402.918899
18517.651687
18634.045401
18752.101536
18871.912675
18993.310822
19116.485870
19241.524264
19368.396526
19497.124301
19627.701241
19760.029150
19894.818622
20031.400151
20170.057809
20310.821549
20453.805123
20599.014345
20746.501199
20896.233536
21048.101102
21203.087322
21360.236703
21519.905576
21682.141592
21847.012794
22014.764500
22185.214536
22358.598883
22534.893122
22714.269700
22896.666657
23082.280650
23271.041575
23463.327641
23658.947398
23858.013329
24060.857508
24267.299479
24477.602497
24691.734001
24909.947250
25132.330732
25358.932470
25589.880500
25825.335777
26065.441335
26310.245001
26560.009639
26814.776822
27074.769362
27340.113240
27610.880174
27887.479054
28169.892581
28458.317589
28753.053960
29054.198182
29362.094748
29676.878542
29998.607968
30327.851226
30664.644919
31009.270356
31362.078503
31723.226065
32093.239163
32472.280856
32860.619106
33258.800941
33667.030282
34085.766648
34515.406415
34956.234122
35408.938081
35874.019568
36351.639083
36842.518046
37347.240648
37866.407699
38400.658328
38950.574630
39516.773957
40100.149825
40701.279783
41321.562023
41961.167572
42621.408330
43303.014953
44007.648790
44735.882689
45489.091791
46268.611218
47075.931855
47912.301218
48779.513077
49679.340414
50613.579206
51584.193548
52593.445675
53643.461782
54737.216005
55877.078807
57066.172957
58307.914248
59605.471964
60962.947960
62384.638109
63875.296508
65439.859169
67084.082881
68814.212486
70637.276505
72560.859091
74593.650775
76745.460634
79026.628829
81449.693726
84028.249726
86777.967342
89716.869495
92864.904200
96245.983521
99887.163219
103820.408630
108083.054287
112719.181260
117781.654531
123334.301863
129455.053760
136240.893479
143814.372800
152334.298489
162017.374673
173169.252883
186274.141201
202237.427832
223424.944140
262416.920430
11183233.722167
275913.612451
309086.182829
356392.859726
420636.493253
514030.963861
664580.240356
952430.101162
1731287.780695
10308279.596636
3049344.599085
