0.000000
11.768864
23.465170
35.016805
46.352549
57.402515
68.098575
78.374785
88.167788
97.417207
106.066017
114.060895
121.352549
127.896025
133.650979
138.581930
142.658477
145.855488
148.153251
149.537600
150.000000
149.537600
148.153251
145.855488
142.658477
138.581930
133.650979
127.896025
121.352549
114.060895
106.066017
97.417207
88.167788
78.374785
68.098575
57.402515
46.352549
35.016805
23.465170
11.768864
-0.000000
-11.768864
-23.465170
-35.016805
-46.352549
-57.402515
-68.098575
-78.374785
-88.167788
-97.417207
-106.066017
-114.060895
-121.352549
-127.896025
-133.650979
-138.581930
-142.658477
-145.855488
-148.153251
-149.537600
-150.000000
-149.537600
-148.153251
-145.855488
-142.658477
-138.581930
-133.650979
-127.896025
-121.352549
-114.060895
-106.066017
-97.417207
-88.167788
-78.374785
-68.098575
-57.402515
-46.352549
-35.016805
-23.465170
-11.768864
0.000000
11.768864
23.465170
35.016805
46.352549
57.402515
68.098575
78.374785
88.167788
97.417207
106.066017
114.060895
121.352549
127.896025
133.650979
138.581930
142.658477
145.855488
148.153251
149.537600
150.000000
149.537600
148.153251
145.855488
142.658477
138.581930
133.650979
127.896025
121.352549
114.060895
106.066017
97.417207
88.167788
78.374785
68.098575
57.402515
46.352549
35.016805
23.465170
11.768864
-0.000000
-11.768864
-23.465170
-35.016805
-46.352549
-57.402515
-68.098575
-78.374785
-88.167788
-97.417207
-106.066017
-114.060895
-121.352549
-127.896025
-133.650979
-138.581930
-142.658477
-145.855488
-148.153251
-149.537600
-150.000000
-149.537600
-148.153251
-145.855488
-142.658477
-138.581930
-133.650979
-127.896025
-121.352549
-114.060895
-106.066017
-97.417207
-88.167788
-78.374785
-68.098575
-57.402515
-46.352549
-35.016805
-23.465170
-11.768864
0.000000
11.768864
23.465170
35.016805
46.352549
57.402515
68.098575
78.374785
88.167788
97.417207
106.066017
114.060895
121.352549
127.896025
133.650979
138.581930
142.658477
145.855488
148.153251
149.537600
150.000000
149.537600
148.153251
145.855488
142.658477
138.581930
133.650979
127.896025
121.352549
114.060895
106.066017
97.417207
88.167788
78.374785
68.098575
57.402515
46.352549
35.016805
23.465170
11.768864
-0.000000
-11.768864
-23.465170
-35.016805
-46.352549
-57.402515
-68.098575
-78.374785
-88.167788
-97.417207
-106.066017
-114.060895
-121.352549
-127.896025
-133.650979
-138.581930
-142.658477
-145.855488
-148.153251
-149.537600
-150.000000
-149.537600
-148.153251
-145.855488
-142.658477
-138.581930
-133.650979
-127.896025
-121.352549
-114.060895
-106.066017
-97.417207
-88.167788
-78.374785
-68.098575
-57.402515
-46.352549
-35.016805
-23.465170
-11.768864
0.000000
11.768864
23.465170
35.016805
46.352549
57.402515
68.098575
78.374785
88.167788
97.417207
106.066017
114.060895
121.352549
127.896025
133.650979
138.581930
142.658477
145.855488
148.153251
149.537600
150.000000
149.537600
148.153251
145.855488
142.658477
138.581930
133.650979
127.896025
121.352549
114.060895
106.066017
97.417207
88.167788
78.374785
68.098575
57.402515
46.352549
35.016805
23.465170
11.768864
-0.000000
-11.768864
-23.465170
-35.016805
-46.352549
-57.402515
-68.098575
-78.374785
-88.167788
-97.417207
-106.066017
-114.060895
-121.352549
-127.896025
-133.650979
-138.581930
-142.658477
-145.855488
-148.153251
-149.537600
-150.000000
-149.537600
-148.153251
-145.855488
-142.658477
-138.581930
-133.650979
-127.896025
-121.352549
-114.060895
-106.066017
-97.417207
-88.167788
-78.374785
-68.098575
-57.402515
-46.352549
-35.016805
-23.465170
-11.768864
0.000000
11.768864
23.465170
35.016805
46.352549
57.402515
68.098575
78.374785
88.167788
97.417207
106.066017
114.060895
121.352549
127.896025
133.650979
138.581930
142.658477
145.855488
148.153251
149.537600
150.000000
149.537600
148.153251
145.855488
142.658477
138.581930
133.650979
127.896025
121.352549
114.060895
106.066017
97.417207
88.167788
78.374785
68.098575
57.402515
46.352549
35.016805
23.465170
11.768864
-0.000000
-11.768864
-23.465170
-35.016805
-46.352549
-57.402515
-68.098575
-78.374785
-88.167788
-97.417207
-106.066017
-114.060895
-121.352549
-127.896025
-133.650979
-138.581930
-142.658477
-145.855488
-148.153251
-149.537600
-150.000000
-149.537600
-148.153251
-145.855488
-142.658477
-138.581930
-133.650979
-127.896025
-121.352549
-114.060895
-106.066017
-97.417207
-88.167788
-78.374785
-68.098575
-57.402515
-46.352549
-35.016805
-23.465170
-11.768864
0.000000
11.768864
23.465170
35.016805
46.352549
57.402515
68.098575
78.374785
88.167788
97.417207
106.066017
114.060895
121.352549
127.896025
133.650979
138.581930
142.658477
145.855488
148.153251
149.537600
150.000000
149.537600
148.153251
145.855488
142.658477
138.581930
133.650979
127.896025
121.352549
114.060895
106.066017
97.417207
88.167788
78.374785
68.098575
57.402515
46.352549
35.016805
23.465170
11.768864
-0.000000
-11.768864
-23.465170
-35.016805
-46.352549
-57.402515
-68.098575
-78.374785
-88.167788
-97.417207
-106.066017
-114.060895
-121.352549
-127.896025
-133.650979
-138.581930
-142.658477
-145.855488
-148.153251
-149.537600
-150.000000
-149.537600
-148.153251
-145.855488
-142.658477
-138.581930
-133.650979
-127.896025
-121.352549
-114.060895
-106.066017
-97.417207
-88.167788
-78.374785
-68.098575
-57.402515
-46.352549
-35.016805
-23.465170
-11.768864
0.000000
11.768864
23.465170
35.016805
46.352549
57.402515
68.098575
78.374785
88.167788
97.417207
106.066017
114.060895
121.352549
127.896025
133.650979
138.581930
142.658477
145.855488
148.153251
149.537600
150.000000
149.537600
148.153251
145.855488
142.658477
138.581930
133.650979
127.896025
121.352549
114.060895
106.066017
97.417207
88.167788
78.374785
68.098575
57.402515
46.352549
35.016805
23.465170
11.768864
-0.000000
-11.768864
-23.465170
-35.016805
-46.352549
-57.402515
-68.098575
-78.374785
-88.167788
-97.417207
-106.066017
-114.060895
-121.352549
-127.896025
-133.650979
-138.581930
-142.658477
-145.855488
-148.153251
-149.537600
-150.000000
-149.537600
-148.153251
-145.855488
-142.658477
-138.581930
-133.650979
-127.896025
-121.352549
-114.060895
-106.066017
-97.417207
-88.167788
-78.374785
-68.098575
-57.402515
-46.352549
-35.016805
-23.465170
-11.768864
0.000000
11.768864
23.465170
35.016805
46.352549
57.402515
68.098575
78.374785
88.167788
97.417207
106.066017
114.060895
121.352549
127.896025
133.650979
138.581930
142.658477
145.855488
148.153251
149.537600
150.000000
149.537600
148.153251
145.855488
142.658477
138.581930
133.650979
127.896025
121.352549
114.060895
106.066017
97.417207
88.167788
78.374785
68.098575
57.402515
46.352549
35.016805
23.465170
11.768864
-0.000000
-11.768864
-23.465170
-35.016805
-46.352549
-57.402515
-68.098575
-78.374785
-88.167788
-97.417207
-106.066017
-114.060895
-121.352549
-127.896025
-133.650979
-138.581930
-142.658477
-145.855488
-148.153251
-149.537600
-150.000000
-149.537600
-148.153251
-145.855488
-142.658477
-138.581930
-133.650979
-127.896025
-121.352549
-114.060895
-106.066017
-97.417207
-88.167788
-78.374785
-68.098575
-57.402515
-46.352549
-35.016805
-23.465170
-11.768864
0.000000
11.768864
23.465170
35.016805
46.352549
57.402515
68.098575
78.374785
88.167788
97.417207
106.066017
114.060895
121.352549
127.896025
133.650979
138.581930
142.658477
145.855488
148.153251
149.537600
150.000000
149.537600
148.153251
145.855488
142.658477
138.581930
133.650979
127.896025
121.352549
114.060895
106.066017
97.417207
88.167788
78.374785
68.098575
57.402515
46.352549
35.016805
23.465170
11.768864
-0.000000
-11.768864
-23.465170
-35.016805
-46.352549
-57.402515
-68.098575
-78.374785
-88.167788
-97.417207
-106.066017
-114.060895
-121.352549
-127.896025
-133.650979
-138.581930
-142.658477
-145.855488
-148.153251
-149.537600
-150.000000
-149.537600
-148.153251
-145.855488
-142.658477
-138.581930
-133.650979
-127.896025
-121.352549
-114.060895
-106.066017
-97.417207
-88.167788
-78.374785
-68.098575
-57.402515
-46.352549
-35.016805
-23.465170
-11.768864
0.000000
11.768864
23.465170
35.016805
46.352549
57.402515
68.098575
78.374785
88.167788
97.417207
106.066017
114.060895
121.352549
127.896025
133.650979
138.581930
142.658477
145.855488
148.153251
149.537600
150.000000
149.537600
148.153251
145.855488
142.658477
138.581930
133.650979
127.896025
121.352549
114.060895
106.066017
97.417207
88.167788
78.374785
68.098575
57.402515
46.352549
35.016805
23.465170
11.768864
-0.000000
-11.768864
-23.465170
-35.016805
-46.352549
-57.402515
-68.098575
-78.374785
-88.167788
-97.417207
-106.066017
-114.060895
-121.352549
-127.896025
-133.650979
-138.581930
-142.658477
-145.855488
-148.153251
-149.537600
-150.000000
-149.537600
-148.153251
-145.855488
-142.658477
-138.581930
-133.650979
-127.896025
-121.352549
-114.060895
-106.066017
-97.417207
-88.167788
-78.374785
-68.098575
-57.402515
-46.352549
-35.016805
-23.465170
-11.768864
0.000000
11.768864
23.465170
35.016805
46.352549
57.402515
68.098575
78.374785
88.167788
97.417207
106.066017
114.060895
121.352549
127.896025
133.650979
138.581930
142.658477
145.855488
148.153251
149.537600
150.000000
149.537600
148.153251
145.855488
142.658477
138.581930
133.650979
127.896025
121.352549
114.060895
106.066017
97.417207
88.167788
78.374785
68.098575
57.402515
46.352549
35.016805
23.465170
11.768864
-0.000000
-11.768864
-23.465170
-35.016805
-46.352549
-57.402515
-68.098575
-78.374785
-88.167788
-97.417207
-106.066017
-114.060895
-121.352549
-127.896025
-133.650979
-138.581930
-142.658477
-145.855488
-148.153251
-149.537600
-150.000000
-149.537600
-148.153251
-145.855488
-142.658477
-138.581930
-133.650979
-127.896025
-121.352549
-114.060895
-106.066017
-97.417207
-88.167788
-78.374785
-68.098575
-57.402515
-46.352549
-35.016805
-23.465170
-11.768864
0.000000
11.768864
23.465170
35.016805
46.352549
57.402515
68.098575
78.374785
88.167788
97.417207
106.066017
114.060895
121.352549
127.896025
133.650979
138.581930
142.658477
145.855488
148.153251
149.537600
150.000000
149.537600
148.153251
145.855488
142.658477
138.581930
133.650979
127.896025
121.352549
114.060895
106.066017
97.417207
88.167788
78.374785
68.098575
57.402515
46.352549
35.016805
23.465170
11.768864
-0.000000
-11.768864
-23.465170
-35.016805
-46.352549
-57.402515
-68.098575
-78.374785
-88.167788
-97.417207
-106.066017
-114.060895
-121.352549
-127.896025
-133.650979
-138.581930
-142.658477
-145.855488
-148.153251
-149.537600
-150.000000
-149.537600
-148.153251
-145.855488
-142.658477
-138.581930
-133.650979
-127.896025
-121.352549
-114.060895
-106.066017
-97.417207
-88.167788
-78.374785
-68.098575
-57.402515
-46.352549
-35.016805
-23.465170
-11.768864
0.000000
11.768864
23.465170
35.016805
46.352549
57.402515
68.098575
78.374785
88.167788
97.417207
106.066017
114.060895
121.352549
127.896025
133.650979
138.581930
142.658477
145.855488
148.153251
149.537600
150.000000
149.537600
148.153251
145.855488
142.658477
138.581930
133.650979
127.896025
121.352549
114.060895
106.066017
97.417207
88.167788
78.374785
68.098575
57.402515
46.352549
35.016805
23.465170
11.768864
-0.000000
-11.768864
-23.465170
-35.016805
-46.352549
-57.402515
-68.098575
-78.374785
-88.167788
-97.417207
-106.066017
-114.060895
-121.352549
-127.896025
-133.650979
-138.581930
-142.658477
-145.855488
-148.153251
-149.537600
-150.000000
-149.537600
-148.153251
-145.855488
0.000000
0.000000
0.000000
0.000000
0.000000
0.000000
0.000000
0.000000
0.000000
0.000000
0.000000
0.000000
0.000000
0.000000
0.000000
0.000000
0.000000
0.000000
0.000000
0.000000
0.000000
0.000000
0.000000
0.000000
0.000000
0.000000
0.000000
0.000000
0.000000
0.000000
0.000000
0.000000
0.000000
0.000000
0.000000
0.000000
0.000000
0.000000
0.000000
0.000000
0.000000
0.000000
0.000000
0.000000
0.000000
0.000000
0.000000
0.000000
0.000000
0.000000
0.000000
0.000000
0.000000
0.000000
0.000000
0.000000
0.000000
0.000000
0.000000
0.000000
0.000000
0.000000
0.000000
0.000000
0.000000
0.000000
0.000000
0.000000
0.000000
0.000000
0.000000
0.000000
0.000000
0.000000
0.000000
0.000000
0.000000
0.000000
0.000000
0.000000
0.000000
0.000000
0.000000
0.000000
0.000000
0.000000
0.000000
0.000000
0.000000
0.000000
0.000000
0.000000
0.000000
0.000000
0.000000
0.000000
0.000000
0.000000
0.000000
0.000000
0.000000
0.000000
0.000000
0.000000
0.000000
0.000000
0.000000
0.000000
0.000000
0.000000
0.000000
0.000000
0.000000
0.000000
0.000000
0.000000
0.000000
0.000000
0.000000
0.000000
0.000000
0.000000
0.000000
0.000000
0.000000
0.000000
0.000000
0.000000
0.000000
0.000000
0.000000
0.000000
0.000000
0.000000
0.000000
0.000000
0.000000
0.000000
0.000000
0.000000
0.000000
0.000000
0.000000
0.000000
0.000000
0.000000
0.000000
0.000000
0.000000
0.000000
0.000000
0.000000
0.000000
0.000000
0.000000
0.000000
0.000000
0.000000
0.000000
0.000000
0.000000
0.000000
0.000000
0.000000
0.000000
0.000000
0.000000
0.000000
0.000000
0.000000
0.000000
0.000000
0.000000
0.000000
0.000000
0.000000
0.000000
0.000000
0.000000
0.000000
0.000000
0.000000
0.000000
0.000000
0.000000
0.000000
0.000000
0.000000
0.000000
0.000000
0.000000
0.000000
0.000000
0.000000
0.000000
0.000000
0.000000
0.000000
0.000000
0.000000
0.000000
0.000000
0.000000
0.000000
0.000000
0.000000
0.000000
0.000000
0.000000
0.000000
0.000000
0.000000
0.000000
0.000000
0.000000
0.000000
0.000000
0.000000
0.000000
0.000000
0.000000
0.000000
0.000000
0.000000
0.000000
0.000000
0.000000
0.000000
0.000000
0.000000
0.000000
0.000000
0.000000
0.000000
0.000000
0.000000
0.000000
0.000000
0.000000
0.000000
0.000000
0.000000
0.000000
0.000000
0.000000
0.000000
0.000000
0.000000
0.000000
0.000000
0.000000
0.000000
0.000000
0.000000
0.000000
0.000000
0.000000
0.000000
0.000000
0.000000
0.000000
0.000000
0.000000
0.000000
0.000000
0.000000
0.000000
0.000000
0.000000
0.000000
0.000000
0.000000
0.000000
0.000000
0.000000
0.000000
0.000000
0.000000
0.000000
0.000000
0.000000
0.000000
0.000000
0.000000
0.000000
0.000000
0.000000
0.000000
0.000000
0.000000
0.000000
0.000000
0.000000
0.000000
0.000000
0.000000
0.000000
0.000000
0.000000
0.000000
0.000000
0.000000
0.000000
0.000000
0.000000
0.000000
0.000000
0.000000
0.000000
0.000000
0.000000
0.000000
0.000000
0.000000
0.000000
0.000000
0.000000
0.000000
0.000000
0.000000
0.000000
0.000000
0.000000
0.000000
0.000000
0.000000
0.000000
0.000000
0.000000
0.000000
0.000000
0.000000
0.000000
0.000000
0.000000
0.000000
0.000000
0.000000
0.000000
0.000000
0.000000
0.000000
0.000000
0.000000
0.000000
0.000000
0.000000
0.000000
0.000000
0.000000
0.000000
0.000000
0.000000
0.000000
0.000000
0.000000
0.000000
0.000000
0.000000
0.000000
0.000000
0.000000
0.000000
0.000000
0.000000
0.000000
0.000000
0.000000
0.000000
0.000000
0.000000
0.000000
0.000000
0.000000
0.000000
0.000000
0.000000
0.000000
0.000000
0.000000
0.000000
0.000000
0.000000
0.000000
0.000000
0.000000
0.000000
0.000000
0.000000
0.000000
0.000000
0.000000
0.000000
0.000000
0.000000
0.000000
0.000000
0.000000
0.000000
0.000000
0.000000
0.000000
0.000000
0.000000
0.000000
0.000000
0.000000
0.000000
0.000000
0.000000
0.000000
0.000000
0.000000
0.000000
0.000000
0.000000
0.000000
0.000000
0.000000
0.000000
0.000000
0.000000
0.000000
0.000000
0.000000
0.000000
0.000000
0.000000
0.000000
0.000000
0.000000
0.000000
0.000000
0.000000
0.000000
0.000000
0.000000
0.000000
0.000000
0.000000
0.000000
0.000000
0.000000
0.000000
0.000000
0.000000
0.000000
0.000000
0.000000
0.000000
0.000000
0.000000
0.000000
0.000000
0.000000
0.000000
0.000000
0.000000
0.000000
0.000000
0.000000
0.000000
0.000000
0.000000
0.000000
0.000000
0.000000
0.000000
0.000000
0.000000
0.000000
0.000000
0.000000
0.000000
0.000000
0.000000
0.000000
0.000000
0.000000
0.000000
0.000000
0.000000
0.000000
0.000000
0.000000
0.000000
0.000000
0.000000
0.000000
0.000000
0.000000
0.000000
0.000000
0.000000
0.000000
0.000000
0.000000
0.000000
0.000000
0.000000
0.000000
0.000000
0.000000
0.000000
0.000000
0.000000
0.000000
0.000000
0.000000
0.000000
0.000000
0.000000
0.000000
0.000000
0.000000
0.000000
0.000000
0.000000
0.000000
0.000000
0.000000
0.000000
0.000000
0.000000
0.000000
0.000000
0.000000
0.000000
0.000000
0.000000
0.000000
0.000000
0.000000
0.000000
0.000000
0.000000
0.000000
0.000000
0.000000
0.000000
0.000000
0.000000
0.000000
0.000000
0.000000
0.000000
0.000000
0.000000
0.000000
0.000000
0.000000
0.000000
0.000000
0.000000
0.000000
0.000000
0.000000
0.000000
0.000000
0.000000
0.000000
0.000000
0.000000
0.000000
0.000000
0.000000
0.000000
0.000000
0.000000
0.000000
0.000000
0.000000
0.000000
0.000000
0.000000
0.000000
0.000000
0.000000
0.000000
0.000000
0.000000
0.000000
0.000000
0.000000
0.000000
0.000000
0.000000
0.000000
0.000000
0.000000
0.000000
0.000000
0.000000
0.000000
0.000000
0.000000
0.000000
0.000000
0.000000
0.000000
0.000000
0.000000
0.000000
0.000000
0.000000
0.000000
0.000000
0.000000
0.000000
0.000000
0.000000
0.000000
0.000000
0.000000
0.000000
0.000000
0.000000
0.000000
0.000000
0.000000
0.000000
0.000000
0.000000
0.000000
0.000000
0.000000
0.000000
0.000000
0.000000
0.000000
0.000000
0.000000
0.000000
0.000000
0.000000
0.000000
0.000000
0.000000
0.000000
0.000000
0.000000
0.000000
0.000000
0.000000
0.000000
0.000000
0.000000
0.000000
0.000000
0.000000
0.000000
0.000000
0.000000
0.000000
0.000000
0.000000
0.000000
0.000000
0.000000
0.000000
0.000000
0.000000
0.000000
0.000000
0.000000
0.000000
0.000000
0.000000
0.000000
0.000000
0.000000
0.000000
0.000000
0.000000
0.000000
0.000000
0.000000
0.000000
0.000000
0.000000
0.000000
0.000000
0.000000
0.000000
0.000000
0.000000
0.000000
0.000000
0.000000
0.000000
0.000000
0.000000
0.000000
0.000000
0.000000
0.000000
0.000000
0.000000
0.000000
0.000000
0.000000
0.000000
0.000000
0.000000
0.000000
0.000000
0.000000
0.000000
0.000000
0.000000
0.000000
0.000000
0.000000
0.000000
0.000000
0.000000
0.000000
0.000000
0.000000
0.000000
0.000000
0.000000
0.000000
0.000000
0.000000
0.000000
0.000000
0.000000
0.000000
0.000000
0.000000
0.000000
0.000000
0.000000
0.000000
0.000000
0.000000
0.000000
0.000000
0.000000
0.000000
0.000000
0.000000
0.000000
0.000000
0.000000
0.000000
0.000000
0.000000
0.000000
0.000000
0.000000
0.000000
0.000000
0.000000
0.000000
0.000000
0.000000
0.000000
0.000000
0.000000
0.000000
0.000000
0.000000
0.000000
0.000000
0.000000
0.000000
0.000000
0.000000
0.000000
0.000000
0.000000
0.000000
0.000000
0.000000
0.000000
0.000000
0.000000
0.000000
0.000000
0.000000
0.000000
0.000000
0.000000
0.000000
0.000000
0.000000
0.000000
0.000000
0.000000
0.000000
0.000000
0.000000
0.000000
0.000000
0.000000
0.000000
0.000000
0.000000
0.000000
0.000000
0.000000
0.000000
0.000000
0.000000
0.000000
0.000000
0.000000
0.000000
0.000000
0.000000
0.000000
0.000000
0.000000
0.000000
0.000000
0.000000
0.000000
0.000000
0.000000
0.000000
0.000000
0.000000
0.000000
0.000000
0.000000
0.000000
0.000000
0.000000
0.000000
0.000000
0.000000
0.000000
0.000000
0.000000
0.000000
0.000000
0.000000
0.000000
0.000000
0.000000
0.000000
0.000000
0.000000
0.000000
0.000000
0.000000
0.000000
0.000000
0.000000
0.000000
0.000000
0.000000
0.000000
0.000000
0.000000
0.000000
0.000000
0.000000
0.000000
0.000000
0.000000
0.000000
0.000000
0.000000
0.000000
0.000000
0.000000
0.000000
0.000000
0.000000
0.000000
0.000000
0.000000
0.000000
0.000000
0.000000
0.000000
0.000000
0.000000
0.000000
0.000000
0.000000
0.000000
0.000000
0.000000
0.000000
0.000000
0.000000
0.000000
0.000000
0.000000
0.000000
0.000000
0.000000
0.000000
0.000000
0.000000
0.000000
0.000000
0.000000
0.000000
0.000000
0.000000
0.000000
0.000000
0.000000
0.000000
0.000000
0.000000
0.000000
0.000000
0.000000
0.000000
0.000000
0.000000
0.000000
0.000000
0.000000
0.000000
0.000000
0.000000
0.000000
0.000000
0.000000
0.000000
0.000000
0.000000
0.000000
0.000000
0.000000
0.000000
0.000000
0.000000
0.000000
0.000000
0.000000
0.000000
0.000000
0.000000
0.000000
0.000000
0.000000
0.000000
0.000000
0.000000
0.000000
0.000000
0.000000
0.000000
0.000000
0.000000
0.000000
0.000000
0.000000
0.000000
0.000000
0.000000
0.000000
0.000000
0.000000
0.000000
0.000000
0.000000
0.000000
0.000000
0.000000
0.000000
0.000000
0.000000
0.000000
0.000000
0.000000
0.000000
0.000000
0.000000
0.000000
0.000000
0.000000
0.000000
0.000000
0.000000
0.000000
0.000000
0.000000
0.000000
0.000000
0.000000
0.000000
0.000000
0.000000
0.000000
0.000000
0.000000
0.000000
0.000000
0.000000
0.000000
0.000000
0.000000
0.000000
0.000000
0.000000
0.000000
0.000000
0.000000
0.000000
0.000000
0.000000
0.000000
0.000000
0.000000
0.000000
0.000000
0.000000
0.000000
0.000000
0.000000
0.000000
0.000000
0.000000
0.000000
0.000000
