2946.690686
230.704788
2951.318180
237.394212
2965.286664
250.463656
2988.855968
269.419819
3022.471671
293.756742
3066.788711
323.090665
3122.701875
357.232133
3191.397970
396.218926
3274.412008
440.322715
3373.735911
490.067916
3491.942296
546.264617
3632.364106
610.051970
3799.389951
683.009471
3998.856086
767.298548
4238.661345
865.907833
4529.739065
983.048861
4887.632351
1124.811706
5335.162416
1300.317509
5907.211525
1523.845383
6659.853752
1819.047416
7689.273828
2228.140705
9175.347405
2834.538940
11497.883631
3829.291449
15621.102138
5767.352599
24919.878009
11221.701119
65268.597043
125684.467903
96202.538345
14206.114177
27021.159117
6839.665781
15502.233129
4551.157435
10766.681940
3434.558196
8189.158931
2772.435301
6570.516875
2333.741524
5461.096959
2021.375893
4654.300377
1787.396570
4041.925036
1605.410228
3561.816110
1459.681815
3175.731727
1340.253428
2858.852217
1240.511991
2594.371793
1155.894459
2370.496678
1083.151017
2178.725086
1019.900884
2012.757685
964.362711
1867.837386
915.183383
1740.295305
871.297739
1627.271489
831.876831
1526.495332
796.253846
1436.139704
763.890576
1354.720128
734.344563
1281.023712
707.252916
1214.038920
682.312199
1152.926440
659.268060
1096.976413
637.903353
1045.589308
618.035370
998.253068
599.506177
954.527894
582.180250
914.035352
565.938794
876.446911
550.679722
841.475193
536.305009
808.873831
522.760282
778.415940
509.950289
749.911370
497.821332
723.186741
486.318536
698.091282
475.393012
674.486703
464.999698
652.253450
455.099577
631.280445
445.657011
611.470385
436.639600
592.734553
428.017852
574.993098
419.765262
558.173584
411.857796
542.211098
404.272591
527.043049
396.992109
512.618553
389.994591
498.885257
383.262475
485.801255
376.786163
473.317745
370.544764
461.402617
364.527112
450.017118
358.722244
439.131903
353.118164
428.715979
347.700617
418.740224
342.464528
409.179533
337.398839
400.010937
332.496264
391.211580
327.747068
382.761083
323.145031
374.640995
318.682701
366.832259
314.354634
359.320692
310.151903
352.088789
306.071657
345.122544
302.107429
338.411547
298.255972
331.936741
294.509139
325.691272
290.864686
319.662395
287.317877
313.840724
283.865202
308.215555
280.501741
302.778578
277.224793
297.520430
274.030863
292.433259
270.916961
287.508804
267.879666
282.741213
264.916260
278.122051
262.023735
273.647983
259.199926
269.305618
256.442626
265.096504
253.749146
261.012886
251.116709
257.050959
248.544089
253.202118
246.028350
249.464693
243.568250
245.833682
241.161690
242.304673
238.807388
238.873365
236.502511
235.536547
234.246398
232.290539
232.037376
229.131862
229.874091
226.056953
227.754519
223.062912
225.677876
220.146861
223.642581
217.306478
221.648123
214.537265
219.691563
211.838889
217.773463
209.206966
215.890489
206.642430
214.047244
204.138213
212.236012
201.694792
210.458855
199.309913
208.714640
196.983254
207.003189
194.709910
205.320453
192.490138
203.669405
190.321192
202.046502
188.200462
200.454279
186.130163
198.888994
184.105545
197.350656
182.125890
195.838641
180.189597
194.352792
178.295910
192.891677
176.442592
191.454925
174.629759
190.041731
172.854521
188.652976
171.117575
187.286159
169.416191
185.941586
167.750559
184.618600
166.118475
183.316900
164.519868
182.035743
162.953891
180.774689
161.418904
179.533157
159.914271
178.311317
158.439639
177.107985
156.993618
175.922979
155.575588
174.755912
154.184118
173.606590
152.819958
172.474273
151.481422
171.358508
150.167537
170.259258
148.878463
169.176521
147.613615
168.109392
146.371831
167.057461
145.152365
166.020565
143.954800
164.998698
142.778593
163.991127
141.623648
162.997741
140.488851
162.017975
139.373991
161.052326
138.278641
160.099676
137.202092
159.160125
136.144160
158.233072
135.102804
157.318497
134.081147
156.417348
133.075306
155.527354
132.086353
154.648594
131.115109
153.783000
130.158084
152.927909
129.217560
152.084000
128.292178
151.250600
127.381532
150.428210
126.484918
149.617311
125.603547
148.816096
124.734989
148.024036
123.880786
147.243680
123.039727
146.472494
122.212334
145.710872
121.396995
144.959747
120.594353
144.216370
119.804793
143.482176
119.025212
142.757306
118.259266
142.039923
117.502369
141.334536
116.758778
140.635722
116.025093
139.945309
115.302460
139.263457
114.590013
138.589716
113.888570
137.923198
113.196818
137.264955
112.515034
136.614392
111.842724
135.971598
111.180267
135.336062
110.526828
134.707844
109.882559
134.087119
109.247546
133.472471
108.621224
132.866327
108.003147
132.266303
107.393838
131.673305
106.792320
131.086736
106.199551
130.506705
105.614312
129.933231
105.037089
129.366229
104.467413
128.805457
103.905508
128.250556
103.351078
127.701816
102.803761
127.159080
102.263404
126.622513
101.730385
126.091655
101.204065
125.566455
100.684396
125.046929
100.171323
124.533085
99.665490
124.024246
99.165325
123.520937
98.671795
123.023785
98.183437
122.531063
97.702599
122.043465
97.227428
121.561070
96.757641
121.084020
96.293471
120.611690
95.835624
120.144184
95.383155
119.681295
94.935967
119.222907
94.494342
118.770541
94.058326
118.321979
93.627524
117.877676
93.201673
117.438764
92.780650
117.011376
92.364681
116.573856
91.954568
116.146981
91.548522
115.724045
91.146645
115.307105
90.748935
114.893136
90.356964
114.483679
89.969013
114.078055
89.586147
113.676844
89.206895
113.278914
88.832469
112.885317
88.462378
112.495807
88.096233
112.109513
87.734276
111.727159
87.376330
111.348552
87.022598
110.973674
86.672820
110.602275
86.326113
110.234644
85.984530
109.870352
85.645686
109.507848
85.311647
109.152336
84.979866
108.798557
84.652628
108.448081
84.328703
108.100792
84.008338
107.757042
83.691161
107.416256
83.377870
107.078785
83.067764
106.744685
82.760750
106.413376
82.457307
106.085217
82.157118
105.760195
81.859842
105.438255
81.566185
105.118976
81.274407
104.803126
80.987023
104.490019
80.702358
104.179814
80.420605
103.872452
80.141400
103.567771
79.865274
103.265974
79.592216
102.967014
79.321876
102.670761
79.053989
102.377156
78.789456
102.086227
78.527756
101.798294
78.267392
101.512372
78.011208
101.229261
77.756958
100.948790
77.505371
100.671015
77.256573
100.395653
77.009556
100.121879
76.766148
99.851609
76.525661
99.587842
76.284246
99.318533
76.048841
99.054963
75.814216
98.794086
75.581673
98.535115
75.351695
98.279392
75.124652
98.024909
74.899138
97.773105
74.675751
97.523405
74.455825
97.276316
74.236597
97.031336
74.019957
96.788177
73.806057
96.547283
73.592254
96.309134
73.383328
96.072244
73.174806
95.837733
72.968753
95.604915
72.764727
95.374969
72.562752
95.146685
72.362511
94.920336
72.164252
94.695967
71.967868
94.473831
71.773583
94.253295
71.580903
94.034823
71.390097
93.818267
71.201471
93.603677
71.014413
93.390911
70.829019
93.180007
70.645503
92.970898
70.463764
92.763439
70.283949
92.558354
70.105386
92.354674
69.929499
92.151985
69.754771
91.952869
69.580895
91.754694
69.409472
91.558036
69.239405
91.363254
69.071030
91.170235
68.904379
90.978717
68.739282
90.788925
68.575574
90.600929
68.414016
90.414275
68.253227
90.229690
68.094295
90.046375
67.937076
89.864805
67.779636
89.685042
67.627527
89.506585
67.473295
89.329755
67.321429
89.154109
67.172128
88.980033
67.023463
88.808530
66.875599
88.636679
66.730382
88.468667
66.585570
88.301914
66.443016
88.134740
66.300283
87.970090
66.159575
87.806492
66.020468
87.645284
65.882719
87.484533
65.746469
87.325546
65.611260
87.167911
65.477155
87.012557
65.344531
86.857131
65.213423
86.703704
65.082940
86.552459
64.954683
86.401285
64.826172
86.251860
64.700357
86.103924
64.574887
85.957222
64.450941
85.812184
64.328264
85.668032
64.206454
85.525404
64.085987
85.383973
63.966571
85.244029
63.848119
85.105125
63.731397
84.967523
63.614825
84.831286
63.500113
84.693681
63.386714
84.562001
63.273838
84.429939
63.163177
84.298461
63.052097
84.168387
62.943113
84.039434
62.834736
83.911703
62.727475
83.785088
62.621431
83.659921
62.516400
83.535605
62.412259
83.412572
62.309148
83.290595
62.207136
83.170086
62.106020
83.050475
62.006056
82.932022
61.907043
82.814620
61.809376
82.698681
61.712156
82.583451
61.615872
82.469472
61.520354
82.357124
61.426845
82.244799
61.333204
82.134221
61.241298
82.024672
61.149786
81.915815
61.059227
81.808316
60.969843
81.702051
60.881503
81.597640
60.794311
81.493970
60.707171
81.390414
60.621668
81.287602
60.536566
81.186466
60.452899
81.086205
60.369808
80.988063
60.286606
80.889133
60.205964
80.792008
60.125885
80.695851
60.045909
80.601096
59.967203
80.506857
59.889107
80.413743
59.812084
80.321622
59.735883
80.230725
59.660551
80.140325
59.585968
80.051088
59.512214
79.962989
59.439252
79.875807
59.367150
79.789285
59.295842
79.703917
59.225519
79.619484
59.155619
79.536106
59.086813
79.453425
59.018407
79.371709
58.951071
79.288505
58.884897
79.211529
58.819430
79.132497
58.754592
79.054449
58.690121
78.977496
58.626605
78.901569
58.564184
78.826126
58.502162
78.751829
58.441089
78.678303
58.380698
78.605898
58.321015
78.534101
58.262057
78.463349
58.203878
78.393168
58.145720
78.324115
58.089356
78.255937
58.034060
78.188683
57.979173
78.122503
57.923626
78.056801
57.870739
77.991996
57.817318
77.927995
57.765181
77.864895
57.713416
77.803416
57.662250
77.741402
57.611992
77.680866
57.562738
77.621006
57.513587
77.562720
57.465220
77.503367
57.418977
77.446958
57.371474
77.391081
57.325919
77.335230
57.280027
77.280372
57.235574
77.226322
57.191180
77.171563
57.148738
77.121037
57.105207
77.069460
57.063272
77.018825
57.021701
76.968937
56.981149
76.919664
56.941295
76.871430
56.901829
76.823875
56.863138
76.777301
56.825073
76.731446
56.787678
76.686115
56.750886
76.641732
56.714885
76.598228
56.679485
76.555548
56.645121
76.513377
56.610410
76.472042
56.576833
76.431268
56.544205
76.391985
56.511644
76.352892
56.480094
76.314743
56.449140
76.277307
56.418612
76.240596
56.389116
76.204764
56.360001
76.169739
56.331510
76.135451
56.303575
76.101899
56.276506
76.068900
56.249868
76.036795
56.223672
76.005413
56.198494
75.974859
56.173600
75.944975
56.149489
75.915786
56.126353
75.885573
56.103105
75.859750
56.080715
75.832975
56.059513
75.806858
56.037921
75.781508
56.017107
75.756697
55.998402
75.733084
55.978348
75.709808
55.959886
75.687897
55.941919
75.666092
55.923975
75.644577
55.907645
75.624697
55.892973
75.604097
55.872474
75.593388
55.863400
75.568267
55.846828
75.550864
55.833318
75.534317
55.819262
75.518194
55.806198
75.503101
55.794315
75.488626
55.782817
75.475126
55.772006
75.462509
55.761643
75.449816
55.751241
75.438286
55.742491
75.427366
55.734187
75.417494
55.726080
75.408160
55.719024
75.399499
55.712048
75.391624
55.705630
75.384341
55.700513
75.377912
55.695452
75.372192
55.691090
75.366902
55.687051
75.362833
55.684161
75.359292
55.681101
75.356341
55.679084
75.354271
55.677994
75.353001
55.676732
75.352058
55.676515
75.352029
55.676854
75.352751
55.677749
75.354293
55.679209
75.356370
55.681097
75.359276
55.683670
75.362853
55.687046
75.366931
55.690624
75.372292
55.695347
75.377886
55.700522
75.384373
55.705880
75.391660
55.712184
75.399506
55.718917
75.408105
55.726091
75.417419
55.734206
75.427745
55.742748
75.438257
55.751968
75.449752
55.761183
75.462202
55.771253
75.475158
55.782812
75.488659
55.793571
75.503062
55.806273
75.518329
55.818333
75.533160
55.832480
75.550315
55.846972
75.567547
55.858066
75.581402
55.872164
75.605802
55.890817
75.624429
55.908669
75.644803
55.924903
75.665859
55.941875
75.687316
55.959934
75.709863
55.978573
75.732997
55.997912
75.756687
56.017556
75.781527
56.038066
75.806919
56.059251
75.833030
56.080994
75.859772
56.102595
75.888799
56.125170
75.916005
56.149746
75.944997
56.173811
75.974329
56.198737
76.005515
56.223924
76.036754
56.249750
76.068887
56.276456
76.101819
56.303653
76.135403
56.331451
76.169752
56.360062
76.204841
56.389097
76.240647
56.418731
76.277432
56.449096
76.314791
56.480098
76.352982
56.511787
76.391908
56.543915
76.431303
56.576891
76.472096
56.610283
76.513304
56.645080
76.554037
56.678776
76.598206
56.715031
76.641802
56.750865
76.686115
56.787802
76.731370
56.825146
76.777291
56.863091
76.823976
56.901870
76.871456
56.941224
76.919794
56.981022
76.969058
57.021891
77.018730
57.063266
77.069441
57.105096
77.121049
57.148413
77.172604
57.191077
77.226508
57.235508
77.280328
57.280707
77.333740
57.325644
77.391008
57.371294
77.446948
57.418797
77.503402
57.465143
77.562390
57.513882
77.621742
57.563327
77.680900
57.611964
77.741490
57.662438
77.802575
57.713657
77.864908
57.765236
77.928074
57.817297
77.991987
57.870446
78.056783
57.924212
78.123794
57.978787
78.188796
58.033913
78.255862
58.089648
78.323364
58.146617
78.393576
58.203945
78.463202
58.262088
78.534101
58.321001
78.605777
58.380598
78.678412
58.441204
78.751767
58.502222
78.826172
58.564111
78.901172
58.626712
78.977437
58.689867
79.054536
58.754423
79.132507
58.819855
79.211233
58.883162
79.293678
58.950938
79.372084
59.018579
79.453677
59.087123
79.535916
59.155755
79.619594
59.225284
79.703981
59.295992
79.789417
59.367216
79.875660
59.439176
79.963065
59.512407
80.051168
59.585970
80.140301
59.660445
80.230399
59.735871
80.321704
59.812155
80.413722
59.889147
80.506866
59.967022
80.600923
60.045838
80.696674
60.125236
80.792057
60.205891
80.889108
60.287736
80.987343
60.369545
81.086699
60.452622
81.186423
60.536465
81.287593
60.621440
81.389544
60.707275
81.493430
60.794086
81.597634
60.881497
81.702030
60.970099
81.808048
61.059531
81.915654
61.149948
82.024780
61.241264
82.134334
61.333706
82.245093
61.427124
82.355905
61.521743
82.469348
61.615784
82.583469
61.712246
82.698377
61.809044
82.814699
61.907035
82.932036
62.006194
83.050501
62.106146
83.170130
62.207060
83.290786
62.309338
83.412590
62.412241
83.535581
62.516281
83.659629
62.621343
83.785111
62.727619
83.911705
62.834736
84.039402
62.943243
84.168407
63.052182
84.298550
63.163073
84.429826
63.273958
84.562281
63.387629
84.696647
63.499781
84.831030
63.615986
84.967555
63.731377
85.105162
63.848335
85.244026
63.966481
85.384065
64.086173
85.525373
64.206504
85.668081
64.328165
85.811934
64.450987
85.957341
64.574955
86.103882
64.700244
86.251868
64.826771
86.401215
64.954905
86.551446
65.083975
86.703799
65.213352
86.857156
65.344893
87.011339
65.477770
87.167969
65.611230
87.325658
65.746513
87.484558
65.883020
87.645370
66.020431
87.806831
66.160608
87.970093
66.300279
88.134796
66.441851
88.300739
66.585218
88.467925
66.730140
88.636704
66.875613
88.808508
67.023025
88.979597
67.172415
89.155289
67.322071
89.329649
67.473392
89.506508
67.625693
89.684193
67.781711
89.865003
67.936645
90.046375
68.094381
90.229633
68.253191
90.414189
68.413844
90.601010
68.575720
90.788968
68.739275
90.978717
68.904294
91.170031
69.071090
91.363264
69.239366
91.558111
69.409433
91.754619
69.580958
91.952879
69.753843
92.154009
69.929094
92.354753
70.105299
92.558280
70.283932
92.763781
70.463747
92.971014
70.645562
93.179970
70.828995
93.390906
71.014358
93.603542
71.201611
93.818366
71.390357
94.034797
71.580968
94.253264
71.773379
94.473495
71.967827
94.695967
72.164221
94.920356
72.362504
95.146710
72.562810
95.374846
72.764711
95.605390
72.969018
95.837631
73.174990
96.072213
73.383181
96.309271
73.594132
96.547294
73.805607
96.788187
74.020043
97.031270
74.236524
97.276170
74.455786
97.523705
74.676261
97.773030
74.898923
98.024894
75.124279
98.278453
75.351656
98.534922
75.581263
98.793864
75.813392
99.054944
76.047207
99.316753
76.281913
99.593348
76.525214
99.852645
76.766008
100.122054
77.009239
100.395770
77.256788
100.671398
77.505998
100.948877
77.757037
101.229300
78.011148
101.512468
78.267698
101.798198
78.527208
102.086322
78.789518
102.377118
79.054332
102.670904
79.322171
102.967223
79.592413
103.266035
79.865426
103.567804
80.141556
103.872382
80.420438
104.180207
80.702273
104.490084
80.987011
104.803052
81.274284
105.118098
81.565834
105.438329
81.859889
105.760241
82.157046
106.085268
82.457331
106.413239
82.760665
106.744488
83.067667
107.078822
83.377873
107.416228
83.691339
107.756969
84.008579
108.100991
84.328781
108.448054
84.652717
108.798516
84.980004
109.152385
85.310231
109.509935
85.645527
109.870378
85.984428
110.234524
86.326489
110.602187
86.672676
110.973894
87.022584
111.348543
87.376408
111.727098
87.734101
112.109322
88.096156
112.495191
88.462204
112.885295
88.832614
113.278922
89.206920
113.676431
89.586657
114.078222
89.969352
114.483679
90.356839
114.893072
90.748676
115.306673
91.146742
115.723851
91.547183
116.146926
91.954281
116.573001
92.364095
116.997663
92.778140
117.439084
93.200405
117.877701
93.626893
118.322206
94.058664
118.770886
94.494249
119.225069
94.935926
119.681584
95.383114
120.144156
95.836026
120.611560
96.293451
121.083955
96.757550
121.561030
97.227233
122.043449
97.703269
122.530744
98.184203
123.022510
98.671874
123.521237
99.165094
124.024305
99.665476
124.532995
100.171645
125.046976
100.684178
125.566474
101.204012
126.091647
101.730433
126.622617
102.263332
127.159863
102.803775
127.701992
103.351087
128.250563
103.905893
128.805229
104.467474
129.366259
105.037261
129.933224
105.614316
130.506765
106.199602
131.086729
106.792105
131.674010
107.393929
132.266399
108.003124
132.866276
108.620734
133.472185
109.247229
134.087272
109.882706
134.707916
110.526806
135.336098
111.180359
135.971619
111.842724
136.615121
112.515064
137.264970
113.196796
137.923198
113.888720
138.589152
114.590333
139.263485
115.302680
139.945246
116.025076
140.635736
116.758816
141.334295
117.502838
142.041890
118.259955
142.757347
119.025064
143.482257
119.805070
144.216769
120.596264
144.959652
121.397196
145.710905
122.212218
146.472474
123.038711
147.243799
123.880924
148.022868
124.735580
148.816090
125.603562
149.617246
126.484837
150.429041
127.380915
151.250872
128.291721
152.084038
129.217628
152.927781
130.158009
153.782980
131.114677
154.648871
132.086841
155.527423
133.075512
156.417061
134.080549
157.314909
135.103237
158.233152
136.143457
159.160063
137.201829
160.099700
138.278302
161.052253
139.373907
162.018186
140.488719
162.997789
141.623614
163.991109
142.778668
164.998633
143.954440
166.020642
145.152230
167.057467
146.371764
168.109293
147.613655
169.176082
148.873117
170.261386
150.168844
171.358975
151.481628
172.474285
152.821121
173.606325
154.184238
174.755974
155.575569
175.923012
156.993767
177.108056
158.439620
178.311257
159.914320
179.533570
161.419297
180.774819
162.954083
182.035689
164.520047
183.316879
166.118422
184.618780
167.750390
185.941691
169.416237
187.286128
171.117341
188.652924
172.854160
190.042214
174.630218
191.455017
176.442498
192.891465
178.295527
194.350360
180.188378
195.838572
182.125997
197.350656
184.105417
198.888994
186.130908
200.454406
188.200950
202.047604
190.321264
203.669568
192.490148
205.320348
194.710312
207.003161
196.983036
208.715107
199.310815
210.458985
201.694356
212.235856
204.137285
214.046788
206.641069
215.892705
209.207498
217.773750
211.839055
219.691776
214.537147
221.647956
217.306245
223.643079
220.146968
225.677911
223.062999
227.754537
226.057066
229.873980
229.131913
232.037746
232.291052
234.246490
235.536961
236.502478
238.873806
238.807143
242.304383
241.161950
245.833785
243.568282
249.464661
246.028295
253.202249
248.543916
257.050396
251.117308
261.014083
253.748922
265.097196
256.442489
269.306212
259.201734
273.643615
262.024361
278.121784
264.916467
282.740440
267.879710
287.508682
270.917077
292.432791
274.031319
297.520693
277.224934
302.778488
280.501671
308.215795
283.864955
313.840276
287.318217
319.662200
290.864700
325.690828
294.509072
331.936317
298.255265
338.406364
302.108864
345.125226
306.072257
352.089522
310.152269
359.321148
314.354013
366.833004
318.683081
374.640953
323.145115
382.761349
327.747068
391.211679
332.496558
400.010703
337.399487
409.180870
342.464745
418.740373
347.700594
428.716945
353.116880
439.131138
358.722473
450.018298
364.527048
461.402973
370.545017
473.317811
376.784691
485.801496
383.265492
498.885289
389.994631
512.618767
396.991951
527.042574
404.269828
542.210752
411.858232
558.173528
419.765318
574.992880
428.017906
592.734816
436.639099
611.470615
445.657888
631.281187
455.099560
652.253450
464.999614
674.487398
475.392700
698.091192
486.319002
723.186914
497.821426
749.910328
509.950151
778.414936
522.760013
808.871706
536.314652
841.476938
550.680290
876.447018
565.939153
914.035421
582.179794
954.527959
599.507037
998.253130
618.035471
1045.589547
637.903402
1096.976527
659.267491
1152.926548
682.313619
1214.040671
707.253049
1281.023858
734.344393
1354.721374
763.890126
1436.139051
796.254670
1526.495251
831.877057
1627.272104
871.297811
1740.294228
915.182393
1867.835512
964.367377
2012.759548
1019.901313
2178.726578
1083.150901
2370.498260
1155.893053
2594.368131
1240.513805
2858.852480
1340.253801
3175.730625
1459.681986
3561.815969
1605.409371
4041.925779
1787.400627
4654.305104
2021.376078
5461.097326
2333.741524
6570.519310
2772.434129
8189.157466
3434.562563
10766.680826
4551.159193
15502.234162
6839.666074
27021.161485
14206.114177
96202.538345
125684.463829
65268.597043
11221.701832
24919.879293
5767.350345
15621.101626
3829.293146
11497.882588
2834.542379
9175.346533
2228.141266
7689.272007
1819.047141
6659.853452
1523.844644
5907.211863
1300.320874
5335.166352
1124.811651
4887.632556
983.048638
4529.739507
865.908122
4238.660166
767.299200
3998.855336
683.009540
3799.390083
610.051996
3632.361904
546.264073
3491.938860
490.070961
3373.738579
440.323141
3274.412161
396.219281
3191.397186
357.237491
3122.704917
323.091004
3066.789853
293.756769
3022.472002
269.419805
2988.855801
250.463773
2965.287170
237.394574
2951.319366
230.704695
