237.764129
237.768927
237.785996
237.812804
237.852871
237.904081
237.965087
238.037870
238.121809
238.217084
238.323588
238.441088
238.570278
238.710010
238.863594
239.026868
239.201830
239.388528
239.586745
239.796040
240.018782
240.252325
240.497564
240.754851
241.024222
241.305742
241.599488
241.905384
242.223917
242.554842
242.898288
243.254384
243.623268
244.005043
244.399943
244.807721
245.229086
245.664000
246.112001
246.573899
247.049511
247.539265
248.042941
248.561086
249.093607
249.640937
250.203058
250.780212
251.372133
251.979879
252.602601
253.239110
253.896863
254.569382
255.256626
255.961293
256.682957
257.421772
258.178112
258.952170
259.744526
260.555311
261.384445
262.232706
263.100147
263.987349
264.894510
265.821971
266.770252
267.739773
268.730203
269.742875
270.777829
271.835299
272.916296
274.020357
275.148539
276.300858
277.481461
278.684606
279.914733
281.171183
282.455099
283.766726
285.107792
286.477475
287.876723
289.306822
290.768002
292.261054
293.787032
295.346486
296.940388
298.569794
300.234752
301.936821
303.676817
305.455935
307.275070
309.135033
311.037339
312.983301
314.973201
317.009020
319.091912
321.223333
323.404268
325.636660
327.921890
330.261686
332.657305
335.110406
337.623461
340.197737
342.835534
345.537172
348.309511
351.150809
354.063642
357.051226
360.115986
363.260818
366.488446
369.801678
373.204200
376.699068
380.288788
383.977844
387.770107
391.669464
395.680130
399.806438
404.053214
408.425884
412.928452
417.567659
422.348716
427.278287
432.362695
437.609040
443.024548
448.618644
454.396612
460.369417
466.546554
472.938190
479.554774
486.407783
493.510986
500.876669
508.518252
516.452503
524.695447
533.265002
542.180263
551.461949
561.133061
571.218106
581.741459
592.733498
604.225667
616.251724
628.849147
642.058749
655.925205
670.499301
685.833207
701.989205
719.033379
737.040323
756.092918
776.283494
797.717133
820.510817
844.795204
870.720966
898.460350
928.208018
960.188393
994.661689
1031.928655
1072.343986
1116.316263
1164.339190
1216.996097
1274.988529
1339.167932
1410.576611
1490.506877
1580.576793
1682.835553
1799.938541
1935.364048
2093.770045
2281.539612
2507.660862
2785.206815
3133.962189
3585.329552
4192.397643
5052.469693
6365.291195
8615.948468
13367.496101
29998.270884
119680.162567
19894.775998
10823.506271
7421.868767
5640.124112
4543.720282
3801.037753
3264.695851
2859.204959
2541.887979
2286.819626
2077.321713
1902.190054
1753.613270
1625.980858
1515.160388
1418.039756
1332.222814
1255.850708
1187.448262
1125.830804
1070.038317
1019.283419
972.914051
930.388326
891.245477
855.101127
821.622861
790.527593
761.570335
734.538461
709.247444
685.535398
663.257256
642.288511
622.518624
603.847327
586.185577
569.455716
553.582452
538.507312
524.167703
510.513651
497.496592
485.073786
473.205360
461.855311
450.991287
440.582853
430.600870
421.020691
411.819552
402.974759
394.466729
386.276557
378.386439
370.781523
363.445384
356.365310
349.527628
342.920795
336.533071
330.354119
324.373627
318.583658
312.973192
307.535402
302.262510
297.147336
292.182694
287.362521
282.680335
278.131011
273.707945
269.407234
265.223255
261.151731
257.188146
253.328452
249.568878
245.905708
242.334544
238.852514
235.456679
232.143763
228.910992
225.755606
222.674344
219.665486
216.725705
213.853685
211.046407
208.302186
205.618902
202.994785
200.427697
197.916096
195.457626
193.050947
190.695397
188.388623
186.129355
183.911706
181.746507
179.621907
177.538497
175.495832
173.493645
171.530427
169.604492
167.715428
165.862065
164.043624
162.258655
160.506389
158.786548
157.097881
155.439693
153.811306
152.211510
150.640326
149.096203
147.579282
146.088553
144.623069
143.183115
141.766602
140.374694
139.006414
137.660219
136.336039
135.033958
133.752891
132.492637
131.252932
130.032598
128.831854
127.650053
126.487007
125.342048
124.214851
123.105150
122.012503
120.936628
119.877362
118.833959
117.806080
116.793751
115.796676
114.814388
113.846860
112.893141
111.953687
111.027793
110.115551
109.216349
108.330233
107.456877
106.595935
105.747456
104.911239
104.086484
103.273194
102.471676
101.681402
100.902055
100.134631
99.375958
98.628466
97.891452
97.164793
96.447940
95.741070
95.043776
94.356046
93.677696
93.008579
92.348720
91.697368
91.055132
90.421415
89.796409
89.180476
88.571619
87.971320
87.379348
86.795394
86.218914
85.650236
85.089478
84.536212
83.990147
83.450491
82.920295
82.395987
81.878411
81.368135
80.864814
80.370188
79.878573
79.393963
78.917861
78.447905
77.983472
77.525194
77.074658
76.629722
76.190320
75.758708
75.329336
74.908336
74.492777
74.083113
73.679190
73.279428
72.887830
72.501128
72.118873
71.742623
71.371778
71.006251
70.645859
70.291028
69.941193
69.596613
69.256187
68.921979
68.592526
68.267740
67.948395
67.632487
67.323148
67.018756
66.717894
66.422384
66.131250
65.845126
65.563666
65.286486
65.014147
64.746471
64.482934
64.224080
63.969668
63.719610
63.474024
63.232543
62.995807
62.763577
62.535465
62.311262
62.091517
61.876130
61.664792
61.457821
61.253500
61.056043
60.861984
60.671752
60.485443
60.302873
60.124758
59.950425
59.780437
59.614535
59.452326
59.294285
59.140117
58.989983
58.843700
58.701532
58.563217
58.428868
58.298263
58.171650
58.048959
57.930022
57.815108
57.703785
57.596662
57.493289
57.393547
57.297757
57.205771
57.117561
57.033166
56.952666
56.875874
56.803178
56.733454
56.668058
56.606401
56.548397
56.494328
56.442773
56.397073
56.354226
56.314967
56.279593
56.247865
56.219864
56.195599
56.175165
56.158356
56.145295
56.136022
56.130361
56.128510
56.130346
56.135965
56.145182
56.158341
56.175178
56.195579
56.219864
56.247797
56.279573
56.315060
56.354120
56.397270
56.443986
56.494201
56.548546
56.606360
56.668043
56.733609
56.802691
56.875828
56.952735
57.033183
57.117614
57.205752
57.297738
57.393552
57.493238
57.596747
57.703848
57.815114
57.930115
58.048913
58.171634
58.298234
58.428736
58.563200
58.701595
58.843725
58.989973
59.140080
59.294104
59.452279
59.614400
59.780535
59.950983
60.124586
60.302857
60.485085
60.671155
60.862670
61.055541
61.255036
61.457690
61.665218
61.876286
62.091678
62.311352
62.535392
62.763476
62.996136
63.232574
63.474120
63.719698
63.969656
64.224072
64.482957
64.746320
65.014144
65.286695
65.563591
65.845159
66.131509
66.422461
66.717982
67.018552
67.324189
67.634974
67.947863
68.268255
68.592583
68.922093
69.256952
69.596532
69.941144
70.290965
70.646001
71.006347
71.371833
71.742779
72.119113
72.501034
72.888299
73.279538
73.679157
74.083258
74.492793
74.908193
75.329809
75.757841
76.190115
76.628960
77.075165
77.525169
77.983284
78.447559
78.917283
79.394151
79.878005
80.365990
80.864382
81.367910
81.878459
82.395613
82.919556
83.449689
83.990501
84.536428
85.089478
85.650333
86.218886
86.795228
87.379222
87.971367
88.571429
89.180229
89.796425
90.421515
91.055138
91.697378
92.348424
93.008327
93.677722
94.356114
95.043817
95.741208
96.448061
97.164733
97.891412
98.628644
99.375482
100.131691
100.901779
101.681157
102.471471
103.273080
104.086104
104.910211
105.747608
106.596132
107.456927
108.330206
109.216354
110.115462
111.027749
111.953551
112.893059
113.846641
114.814312
115.796646
116.793747
117.806030
118.833667
119.876918
120.936684
122.012635
123.105150
124.214870
125.341935
126.486957
127.650011
128.831876
130.032380
131.252478
132.492563
133.752928
135.033951
136.335946
137.660006
139.004384
140.374659
141.767408
143.183367
144.623251
146.088493
147.579348
149.096262
150.640203
152.211536
153.811192
155.439699
157.097943
158.786610
160.506449
162.258474
164.043195
165.862189
167.715673
169.604618
171.530427
173.493893
175.496322
177.538541
179.621423
181.747421
183.914690
186.128347
188.388623
190.695110
193.050663
195.457226
197.914596
200.427833
202.994785
205.618949
208.302092
211.046398
213.853484
216.725678
219.665290
222.674212
225.755260
228.910830
232.143822
235.456538
238.852400
242.334165
245.904874
249.568839
253.328591
257.188221
261.151731
265.223284
269.407104
273.707916
278.130730
282.680225
287.362154
292.182680
297.147112
302.262588
307.534805
312.972555
318.574976
324.374579
330.353965
336.533408
342.920841
349.527963
356.365343
363.445298
370.781228
378.386542
386.276314
394.466649
402.975050
411.819552
421.020728
430.600380
440.581682
450.991165
461.855598
473.205343
485.073867
497.496796
510.513513
524.167674
538.506848
553.583242
569.453247
586.185231
603.846990
622.518373
642.288268
663.256549
685.532047
709.248216
734.539184
761.570704
790.527553
821.622899
855.100871
891.245547
930.387587
972.914468
1019.282775
1070.038083
1125.831082
1187.448315
1255.850658
1332.221500
1418.035966
1515.160553
1625.982011
1753.613412
1902.190514
2077.322074
2286.818970
2541.888570
2859.202861
3264.696923
3801.037753
4543.720502
5640.125176
7421.868228
10823.505532
19894.775998
119680.162567
29998.273017
13367.495502
8615.946611
6365.290881
5052.470089
4192.396212
3585.329274
3133.958998
2785.207712
2507.660264
2281.539064
2093.770403
1935.364048
1799.938054
1682.834068
1580.572997
1490.506458
1410.577231
1339.167652
1274.988431
1216.995994
1164.338976
1116.316039
1072.342762
1031.928655
994.661877
960.189044
928.207951
898.460141
870.720571
844.794502
820.507846
797.717760
776.284259
756.093207
737.040280
719.033292
701.989049
685.833116
670.498742
655.925539
642.058798
628.849048
616.251800
604.225641
592.733366
581.740949
571.216821
561.132978
551.462261
542.180234
533.264973
524.695358
516.452412
508.518129
500.876185
493.510733
486.407976
479.554953
472.937892
466.546571
460.368874
454.395856
448.609727
443.025324
437.608986
432.363165
427.278342
422.349048
417.567622
412.928357
408.425578
404.053369
399.806672
395.680071
391.669583
387.770107
383.977783
380.288542
376.698362
373.204075
369.801932
366.488361
363.260818
360.115954
357.051040
354.063388
351.150497
348.309859
345.539332
342.835625
340.197783
337.623415
335.110371
332.657106
330.260799
327.922128
325.636936
323.404473
321.223211
319.091888
317.008971
314.973139
312.983014
311.037465
309.135299
307.275032
305.455948
303.676830
301.936691
300.234479
298.569336
296.940309
295.346592
293.787046
292.261107
290.767855
289.306660
287.876696
286.477284
285.107600
283.767056
282.455265
281.171086
279.914482
278.684101
277.480714
276.298652
275.149689
274.020400
272.916253
271.835514
270.778190
269.743020
268.730275
267.739554
266.770281
265.822294
264.894584
263.987467
263.100236
262.232587
261.384415
260.554997
259.744406
258.952125
258.178172
257.421727
256.682744
255.961316
255.256443
254.568039
253.895563
253.241671
252.603143
251.980181
251.372343
250.780243
250.203160
249.640945
249.093662
248.561258
248.043154
247.539288
247.049693
246.574033
246.111970
245.663873
245.229198
244.808304
244.400079
244.005139
243.623357
243.254384
242.898231
242.554875
242.223989
241.905602
241.599528
241.305798
241.024263
240.754819
240.497547
240.252162
240.018717
239.796797
239.587324
239.388405
239.202010
239.026958
238.863070
238.708962
238.570875
238.441014
238.323933
238.217248
238.122178
238.038149
237.965301
237.904031
237.853528
237.816401
237.787096
237.768787
