373.484751
373.528530
373.660169
373.879639
374.187307
374.583414
375.068577
375.643115
376.307741
377.063261
377.910952
378.851018
379.884892
381.013943
382.239576
383.562923
384.985511
386.509399
388.136292
389.868427
391.707540
393.656159
395.716913
397.892475
400.184996
402.597931
405.136127
407.799756
410.595147
413.525298
416.594527
419.807452
423.168203
426.682662
430.355848
434.193739
438.202347
442.388316
446.757782
451.321168
456.082829
461.052634
466.240784
471.655876
477.309091
483.211393
489.374840
495.813126
502.538882
509.568537
516.917577
524.604166
532.646723
541.065875
549.884505
559.126327
568.817084
578.985994
589.664311
600.886169
612.688797
625.113465
638.205027
652.013732
666.593111
682.005453
698.317800
715.605469
733.952059
753.452138
774.210808
796.348542
819.997713
845.313773
872.470809
901.669528
933.140129
967.150454
1004.011454
1044.087580
1087.806221
1135.679312
1188.314721
1246.449407
1310.976783
1382.998102
1463.883192
1555.357515
1659.622397
1779.543692
1918.906069
2082.823324
2278.375957
2515.658661
2809.573455
3183.077599
3673.467299
4345.686137
5323.698714
6877.321572
9726.052437
16645.121327
58161.985111
38712.319899
14494.335445
8905.931057
6422.449688
5018.941920
4116.844666
3488.242967
3025.175036
2669.898500
2388.720264
2160.673159
1972.013185
1813.362484
1678.100340
1561.418506
1459.744841
1370.366283
1291.183904
1220.554894
1157.168527
1099.970397
1048.099411
1000.848734
957.630344
917.952545
881.398356
847.616806
816.305435
787.205381
760.091442
734.769224
711.067529
688.839060
667.948936
648.282852
629.736875
612.219477
595.647652
579.948112
565.054643
550.907632
537.452033
524.640145
512.426946
500.772528
489.639392
478.994014
468.805530
459.046447
449.688833
440.709123
432.087122
423.801693
415.832373
408.163149
400.776941
393.659216
386.794640
380.171774
373.777466
367.600773
361.630876
355.857437
350.270398
344.865236
339.627783
334.552920
329.634030
324.863541
320.235289
315.742639
311.380281
307.143009
303.024674
299.021555
295.128362
291.341107
287.655515
284.067485
280.573673
277.170412
273.854004
270.621406
267.469756
264.396187
261.397596
258.471620
255.615717
252.827526
250.104306
247.444438
244.845471
242.305713
239.822884
237.395355
235.021193
232.699511
230.427371
228.204002
226.027809
223.897490
221.811364
219.768415
217.767257
215.806717
213.885273
212.002266
210.156322
208.346654
206.572097
204.831676
203.124462
201.449649
199.806156
198.193482
196.610417
195.056462
193.530793
192.032621
190.561209
189.116180
187.696595
186.301786
184.931089
183.584534
182.260663
180.958904
179.676456
178.422805
177.186188
175.969913
174.772983
173.596346
172.438803
171.299594
170.178927
169.076166
167.990496
166.921927
165.870108
164.834665
163.815087
162.811222
161.822651
160.849248
159.890105
158.945457
158.014981
157.098216
156.194822
155.304734
154.427680
153.563187
152.711092
151.871322
151.043305
150.227269
149.422587
148.629120
147.846561
147.075535
146.314642
145.564124
144.823943
144.094113
143.373876
142.663455
141.962576
141.270933
140.588481
139.915118
139.250463
138.594860
137.947503
137.308688
136.678012
136.055602
135.441336
134.834020
134.236018
133.644168
133.060372
132.483983
131.914923
131.352787
130.797277
130.249108
129.707258
129.172645
128.644298
128.122264
127.605433
127.098445
126.594710
126.096805
125.605541
125.120840
124.641502
124.167812
123.700286
123.236910
122.779818
122.328224
121.881290
121.440781
121.003801
120.572774
120.146635
119.725883
119.309353
118.898123
118.490428
118.088544
117.691417
117.298318
116.909474
116.525849
116.145955
115.770415
115.399154
115.032001
114.669051
114.310364
113.955583
113.604491
113.257213
112.914549
112.575114
112.239333
111.907515
111.579231
111.254600
110.933926
110.616291
110.302381
109.991930
109.684820
109.381107
109.080747
108.783580
108.489977
108.199175
107.911893
107.627305
107.346261
107.068342
106.793006
106.520978
106.251903
105.985668
105.722380
105.462055
105.204354
104.949788
104.697509
104.447930
104.200875
103.958042
103.717116
103.478480
103.242485
103.009073
102.778162
102.549931
102.324368
102.101091
101.880133
101.661697
101.445702
101.232145
101.020723
100.811822
100.605292
100.400871
100.198826
99.998940
99.801380
99.605962
99.412827
99.221767
99.032961
98.846096
98.661407
98.478850
98.298339
98.119889
97.943503
97.769050
97.596647
97.426149
97.257782
97.091286
96.926720
96.764070
96.603223
96.444472
96.287503
96.132238
95.978915
95.827354
95.677779
95.530018
95.383723
95.238998
95.096882
94.956538
94.817351
94.678547
94.543801
94.410031
94.277889
94.147200
94.018652
93.891123
93.765603
93.641489
93.519200
93.398205
93.279224
93.161549
93.045478
92.931059
92.818024
92.706563
92.596650
92.488344
92.381560
92.276213
92.172589
92.070063
91.969212
91.869770
91.771939
91.675464
91.580448
91.486834
91.394812
91.304024
91.214607
91.126784
91.040320
90.955266
90.871481
90.789113
90.708308
90.628648
90.550433
90.473464
90.397986
90.323869
90.250974
90.179411
90.109349
90.040391
89.973010
89.906728
89.841685
89.778055
89.715729
89.654643
89.594984
89.536393
89.479236
89.423261
89.368559
89.315165
89.263017
89.211974
89.162510
89.114039
89.066856
89.020494
88.976118
88.932877
88.890577
88.849504
88.809839
88.771141
88.733947
88.697660
88.662936
88.628879
88.596688
88.566522
88.534882
88.506124
88.478880
88.452229
88.426656
88.402431
88.379536
88.357840
88.337443
88.317880
88.299816
88.282572
88.266799
88.252136
88.238690
88.226308
88.215404
88.205125
88.195813
88.188234
88.182002
88.176927
88.173078
88.169548
88.168706
88.167787
88.167668
88.170425
88.172787
88.176985
88.182594
88.188998
88.196555
88.205349
88.215233
88.226299
88.238839
88.252302
88.266843
88.282782
88.299663
88.317880
88.337159
88.357895
88.379658
88.402643
88.426700
88.452122
88.478640
88.506287
88.535102
88.566911
88.596850
88.629476
88.662815
88.697688
88.733887
88.771199
88.809729
88.849598
88.890569
88.932759
88.976282
89.020281
89.066938
89.114053
89.162400
89.212128
89.263102
89.315253
89.368619
89.423255
89.479192
89.536453
89.594881
89.654646
89.715757
89.778079
89.841663
89.906551
89.972907
90.040494
90.109390
90.179598
90.251120
90.323894
90.397986
90.473556
90.550465
90.628610
90.708221
90.789156
90.871507
90.955191
91.040331
91.126709
91.214719
91.303997
91.394828
91.486882
91.580502
91.675528
91.771987
91.869903
91.969265
92.070116
92.172382
92.276086
92.381554
92.488339
92.596698
92.706510
92.817976
92.930959
93.045557
93.161801
93.279161
93.398288
93.519169
93.641552
93.765447
93.891102
94.018241
94.146920
94.277806
94.410470
94.543682
94.678052
94.817351
94.956790
95.097555
95.239465
95.383974
95.530054
95.677809
95.827492
95.979180
96.132391
96.287417
96.444497
96.603415
96.764065
96.926655
97.091241
97.257762
97.426174
97.596617
97.769200
97.943527
98.119889
98.298364
98.478885
98.661442
98.846096
99.032823
99.221762
99.412807
99.605986
99.801439
99.998882
100.198816
100.400954
100.605258
100.811972
101.020868
101.232121
101.445760
101.661745
101.880167
102.101048
102.324163
102.549912
102.778172
103.009111
103.242480
103.478136
103.717102
103.957661
104.200101
104.448024
104.697733
104.949858
105.204512
105.461889
105.722482
105.985802
106.251847
106.521047
106.793070
107.068164
107.346352
107.627418
107.911820
108.199356
108.489860
108.783714
109.080917
109.381196
109.684860
109.991956
110.302469
110.616437
110.933724
111.254657
111.579279
111.907476
112.239325
112.574854
112.914160
113.257295
113.604307
113.955643
114.310129
114.669191
115.032146
115.399099
115.770398
116.145988
116.525715
116.909604
117.298335
117.691275
118.089272
118.490036
118.897441
119.309476
119.726279
120.146615
120.572706
121.004068
121.440958
121.882103
122.328268
122.779802
123.237041
123.700294
124.167757
124.641517
125.120742
125.606039
126.097731
126.594433
127.097019
127.607667
128.122889
128.644222
129.172464
129.707619
130.249153
130.797404
131.352683
131.914923
132.484190
133.060658
133.644080
134.235349
134.834454
135.441105
136.055624
136.678348
137.308603
137.947546
138.594796
139.250575
139.915160
140.588419
141.270843
141.962528
142.663427
143.373924
144.094004
144.823950
145.564378
146.314669
147.075455
147.846963
148.629455
149.422756
150.227159
151.043389
151.871296
152.711092
153.563123
154.427623
155.304734
156.194834
157.098117
158.015056
158.945518
159.890038
160.849078
161.822844
162.811426
163.815159
164.834683
165.870172
166.921927
167.990374
169.075889
170.178927
171.299673
172.438633
173.596341
174.773145
175.969313
177.185736
178.422011
179.679663
180.959714
182.260888
183.584566
184.931417
186.301838
187.696605
189.116232
190.561414
192.032671
193.530803
195.056422
196.610030
198.193472
199.806176
201.449649
203.124750
204.831753
206.572154
208.346719
210.156489
212.002266
213.885255
215.806518
217.767275
219.768468
221.811461
223.897403
226.027705
228.204164
230.427431
232.699276
235.021749
237.395717
239.823120
242.305632
244.845575
247.444422
250.104338
252.827317
255.615755
258.471680
261.397626
264.396128
267.469931
270.621391
273.853747
277.170257
280.574021
284.067774
287.655501
291.341107
295.128521
299.021529
303.024726
307.142615
311.380344
315.742676
320.235119
324.863469
329.633746
334.553200
339.627461
344.864024
350.272807
355.858118
361.631157
367.600922
373.777800
380.171877
386.794741
393.658759
400.777097
408.163245
415.832843
423.801509
432.086833
440.708804
449.688799
459.045920
468.806497
478.994455
489.639344
500.772481
512.427251
524.640115
537.452062
550.907065
565.054643
579.948220
595.647730
612.219221
629.736651
648.283141
667.948960
688.838424
711.069177
734.770117
760.092223
787.205262
816.305856
847.616806
881.398356
917.951796
957.630409
1000.848952
1048.099649
1099.970454
1157.169283
1220.554433
1291.183517
1370.365234
1459.746725
1561.419947
1678.100265
1813.362967
1972.014706
2160.673043
2388.720159
2669.895878
3025.175532
3488.243111
4116.845394
5018.943116
6422.451245
8905.932405
14494.335997
38712.316593
58161.987311
16645.118444
9726.053259
6877.320990
5323.700593
4345.686137
3673.467163
3183.074143
2809.572921
2515.658761
2278.375518
2082.822844
1918.905417
1779.542989
1659.622020
1555.356229
1463.884814
1382.998915
1310.976592
1246.449407
1188.315615
1135.679147
1087.806049
1044.086383
1004.011143
967.150260
933.140196
901.669181
872.470487
845.314143
819.997752
796.347718
774.212180
753.452636
733.952698
715.605273
698.317957
682.005453
666.593111
652.013037
638.204929
625.113315
612.688797
600.886090
589.664470
578.985751
568.816699
559.125768
549.884960
541.066251
532.646605
524.604107
516.917819
509.568506
502.538882
495.812591
489.374713
483.211231
477.308846
471.655827
466.240516
461.052871
456.082332
451.320130
446.759338
442.388492
438.202650
434.193739
430.356048
426.682698
423.168369
419.807080
416.594246
413.525430
410.595071
407.799660
405.132849
402.598222
400.185094
397.892357
395.717189
393.656497
391.707719
389.868427
388.136473
386.509642
384.985673
383.562719
382.239433
381.014005
379.884913
378.850832
377.910786
377.063634
376.307782
375.643032
375.068785
374.583519
374.187390
373.879681
373.660253
373.528739
