1390.331166
2432.283803
1405.712497
2471.684952
1452.810380
2553.380700
1534.701274
2683.738065
1657.296292
2873.978514
1830.821810
3142.968024
2072.715248
3522.849131
2413.638643
4071.228316
2910.968224
4900.448959
3683.714565
6260.225875
5022.236554
8835.957447
7863.800099
15423.946058
17834.940090
66111.690222
71977.770791
28087.234396
12110.846709
11486.166985
6671.279937
7193.941896
4632.584160
5229.034901
3565.085413
4105.012058
2908.185689
3378.670449
2463.024056
2871.492817
2141.259793
2497.761097
1897.674761
2211.214259
1706.724055
1984.698592
1552.901961
1801.242765
1426.243536
1649.695123
1320.060415
1522.432921
1229.694830
1414.070278
1151.803694
1320.697164
1083.927696
1239.405452
1024.215126
1167.994007
971.244176
1104.756987
923.909458
1048.364560
881.335421
997.755293
842.819450
952.077629
807.793020
910.637311
775.788067
872.865325
746.419369
838.289851
719.363999
806.517746
694.350303
777.213211
671.149271
750.098202
649.563820
724.931333
629.426128
701.506081
610.589316
679.644645
592.928484
659.192641
576.333237
640.014209
560.707003
621.994072
545.962682
605.024793
532.026609
589.017349
518.832614
573.889743
506.320319
559.570092
494.436627
545.992788
483.130142
533.101069
472.369575
520.843907
462.104493
509.173166
452.303514
498.046904
442.935167
487.427222
433.970783
477.279285
425.383816
467.571986
417.150359
458.276015
409.248148
449.365647
401.657815
440.816678
394.359806
432.607573
387.338172
424.716247
380.575448
417.126030
374.058255
409.818481
367.774727
402.777932
361.709742
395.991162
355.853222
389.442510
350.193284
383.119841
344.721355
377.011833
339.426354
371.107359
334.301277
365.396339
329.336940
359.868715
324.526217
354.516154
319.861750
349.330118
315.337084
344.303350
310.945572
339.426734
306.681125
334.696154
302.539344
330.102730
298.513806
325.641722
294.600047
321.307096
290.793352
317.093330
287.089435
312.995507
283.483961
309.009190
279.973143
305.128956
276.553227
301.351306
273.220721
297.671642
269.972033
294.086895
266.804352
290.592875
263.714393
287.185589
260.699854
283.863524
257.757032
280.621269
254.884563
277.458358
252.078531
274.369946
249.338187
271.354012
246.660001
268.408475
244.042525
265.530115
241.483444
262.717261
238.980868
259.967291
236.532998
257.278470
234.138197
254.648387
231.794882
252.075788
229.500289
249.558094
227.254340
247.093732
225.054750
244.681010
222.900167
242.318634
220.789563
240.004704
218.721034
237.738252
216.694206
235.516926
214.707041
233.340149
212.758657
231.206178
210.847685
229.114055
208.973524
227.062672
207.135231
225.050498
205.331078
223.076492
203.557184
221.140298
201.822536
219.239052
200.116929
217.373823
198.442215
215.542230
196.797286
213.744207
195.181486
211.978422
193.594444
210.244389
192.035346
208.540885
190.503332
206.867173
188.997520
205.222754
187.517614
203.606746
186.062636
202.018099
184.632225
200.456705
183.225644
198.921408
181.842297
197.411768
180.481766
195.927253
179.143252
194.467361
177.826724
193.030701
176.531380
191.617661
175.256308
190.227105
174.001442
188.858857
172.766472
187.512250
171.550472
186.186881
170.353584
184.882057
169.175684
183.597705
168.014845
182.332029
166.872051
181.087751
165.745410
179.860851
164.636472
178.652487
163.543990
177.461902
162.467605
176.289479
161.406719
175.134212
160.361140
173.996812
159.331409
172.874119
158.316287
171.768831
157.315169
170.679009
156.328611
169.605021
155.355735
168.546040
154.396639
167.502105
153.450776
166.472572
152.518096
165.457628
151.598147
164.456598
150.691077
163.469512
149.795785
162.495529
148.912838
161.535056
148.041742
160.587417
147.182219
159.652528
146.334277
158.730172
145.497577
157.820315
144.671260
156.921538
143.856313
156.035177
143.051844
155.160168
142.257565
154.296741
141.473420
153.443998
140.699459
152.602809
139.935148
151.771885
139.180596
150.951914
138.435906
150.141587
137.700252
149.342511
136.973302
148.552488
136.255598
147.772504
135.546788
147.002086
134.846694
146.241326
134.154987
145.489992
133.471197
144.747112
132.797168
144.014200
132.130129
143.289527
131.470930
142.573514
130.819771
141.866313
130.176368
141.167177
129.540527
140.476540
128.912064
139.793926
128.290906
139.119209
127.677236
138.452144
127.070946
137.793763
126.470568
137.142134
125.877933
136.498727
125.291028
135.861473
124.711691
135.232150
124.138925
134.610274
123.571612
133.995190
123.012091
133.386956
122.457973
132.785438
121.910460
132.190655
121.368668
131.602696
120.832905
131.020946
120.303056
130.445660
119.778926
129.876865
119.260527
129.314192
118.747738
128.757782
118.241097
128.207077
117.738737
127.662236
117.242345
127.123525
116.751238
126.590618
116.265368
126.063143
115.784620
125.541328
115.308791
125.025138
114.838337
124.514871
114.373032
124.009226
113.911758
123.509069
113.455439
123.014195
113.004304
122.524802
112.557832
122.040233
112.115593
121.560443
111.678367
121.085851
111.244926
120.615564
110.816466
120.150626
110.391951
119.690209
109.972049
119.234665
109.556136
118.783359
109.144543
118.337041
108.737032
117.894857
108.333668
117.457539
107.934279
117.023902
107.538747
116.595287
107.147332
116.170479
106.759724
115.750105
106.375946
115.333844
105.995868
114.921606
105.619439
114.513432
105.247105
114.109365
104.878036
113.709162
104.513204
113.312746
104.150357
112.919850
103.791963
112.531558
103.437028
112.146424
103.084969
111.765187
102.736446
111.386459
102.391511
111.016468
102.051649
110.643934
101.712725
110.276751
101.377365
109.913034
101.045414
109.553016
100.716321
109.196354
100.390702
108.843117
100.067931
108.493155
99.748057
108.146674
99.431558
107.803134
99.117631
107.463348
98.806926
107.126194
98.498964
106.792247
98.193786
106.461421
97.891507
106.133686
97.591879
105.809030
97.294937
105.487656
97.001178
105.168624
96.709869
104.852864
96.421124
104.539859
96.135337
104.229788
95.851692
103.922461
95.570869
103.618007
95.292518
103.316366
95.016785
103.016714
94.743146
102.721902
94.472394
102.427561
94.204088
102.136838
93.938082
101.848650
93.674605
101.562808
93.413453
101.279890
93.154678
100.999507
92.898130
100.721077
92.643833
100.445565
92.391850
100.172566
92.142039
99.901954
91.894428
99.633709
91.649111
99.367629
91.405956
99.104196
91.164868
98.842969
90.925955
98.584137
90.689271
98.327766
90.454430
98.073404
90.221894
97.821206
89.991357
97.571473
89.762795
97.323598
89.536357
97.078194
89.311724
96.835158
89.088779
96.593775
88.868506
96.354144
88.649676
96.117583
88.432658
95.882812
88.218133
95.649777
88.005254
95.419417
87.793909
95.190696
87.584680
94.963742
87.377151
94.739291
87.171344
94.516383
86.966718
94.295284
86.765629
94.076214
86.565157
93.859259
86.366526
93.644065
86.169596
93.430863
85.974344
93.219153
85.778771
93.010217
85.589263
92.802309
85.399260
92.596260
85.210622
92.391755
85.023719
92.189454
84.838513
91.988801
84.654863
91.789943
84.472848
91.592615
84.292518
91.397612
84.113423
91.204039
83.936069
91.011691
83.760465
90.820941
83.586174
90.631896
83.413895
90.445844
83.242123
90.260095
83.072478
90.076264
82.903806
89.893600
82.737318
89.712943
82.571971
89.534015
82.407974
89.356527
82.245512
89.180528
82.084414
89.006037
81.924690
88.833236
81.766483
88.661678
81.609439
88.491831
81.454391
88.323563
81.299411
88.156438
81.146960
87.990952
80.995545
87.827056
80.845462
87.664413
80.696661
87.503320
80.549216
87.343423
80.403432
87.183941
80.258055
87.028554
80.114377
86.873126
79.971913
86.718626
79.830729
86.565828
79.690864
86.414229
79.551897
86.264588
79.415344
86.115676
79.278401
85.968162
79.143832
85.822101
79.009617
85.677276
78.877619
85.533856
78.746252
85.391739
78.616041
85.250730
78.487033
85.111098
78.359258
84.972793
78.232273
84.835330
78.106945
84.699480
77.982523
84.565018
77.859323
84.431653
77.737153
84.299526
77.616124
84.168332
77.496119
84.038562
77.377398
83.910108
77.259658
83.782701
77.142940
83.655369
77.027890
83.531598
76.912869
83.407553
76.799277
83.284870
76.687067
83.162867
76.575857
83.042749
76.465653
82.923363
76.353717
82.805631
76.248521
82.688457
76.141104
82.572346
76.035016
82.457257
75.929970
82.343590
75.825693
82.231069
75.722771
82.119420
75.620532
82.008970
75.519157
81.899519
75.419225
81.791125
75.320202
81.683800
75.221924
81.577725
75.124652
81.472478
75.028338
81.368339
74.933095
81.265215
74.838612
81.163289
74.744562
81.061765
74.652679
80.961999
74.561082
80.862991
74.470478
80.765028
74.380784
80.668036
74.292010
80.572009
74.204275
80.476790
74.117059
80.383316
74.030597
80.289567
73.945936
80.197681
73.860590
80.106935
73.778196
80.016597
73.695849
79.927308
73.614226
79.839041
73.533468
79.751861
73.453655
79.665365
73.375057
79.580369
73.296504
79.495483
73.219327
79.412030
73.142803
79.329379
73.067138
79.247717
72.992391
79.167023
72.918535
79.087203
72.845489
79.008059
72.773169
78.930055
72.701844
78.853401
72.631417
78.776719
72.561561
78.701315
72.492598
78.626823
72.424526
78.553217
72.357184
78.480690
72.290673
78.408598
72.224916
78.337748
72.160033
78.267654
72.095677
78.198500
72.031941
78.130078
71.971138
78.062638
71.908851
77.995925
71.847889
77.930044
71.787685
77.865171
71.728118
77.801254
71.669591
77.736883
71.611821
77.675469
71.554762
77.613821
71.498535
77.553012
71.442982
77.493135
71.388178
77.434041
71.334140
77.375331
71.279969
77.318171
71.228451
77.261895
71.176916
77.205783
71.125844
77.150779
71.075461
77.096660
71.025929
77.043166
70.977222
76.990554
70.929143
76.938811
70.881696
76.887597
70.835351
76.837227
70.790142
76.788124
70.744265
76.739512
70.699971
76.691760
70.656236
76.644315
70.613083
76.598152
70.571073
76.552605
70.529633
76.508035
70.488841
76.463977
70.448604
76.420998
70.409385
76.378587
70.370726
76.337015
70.332764
76.296080
70.295484
76.256061
70.258997
76.216610
70.223096
76.178267
70.188025
76.139190
70.153640
76.103080
70.119767
76.066971
70.086759
76.031398
70.054408
75.996701
70.022782
75.962412
69.991884
75.929372
69.960986
75.896613
69.931810
75.865121
69.903061
75.833770
69.874738
75.803640
69.847116
75.774378
69.820291
75.745468
69.793795
75.716641
69.768356
75.689297
69.744256
75.662917
69.719562
75.636640
69.695638
75.612150
69.673384
75.587694
69.651220
75.563922
69.629727
75.540946
69.608910
75.518905
69.588747
75.497316
69.569463
75.476326
69.550542
75.456213
69.532409
75.437163
69.514910
75.418484
69.498159
75.400519
69.482002
75.383382
69.466553
75.367093
69.451696
75.351225
69.437521
75.336550
69.424370
75.321489
69.410538
75.308688
69.399376
75.295453
69.387714
75.283711
69.376904
75.271650
69.366620
75.261543
69.357054
75.250659
69.346007
75.241464
69.340940
75.234192
69.332733
75.226406
69.326046
75.218549
69.319946
75.212557
69.314423
75.206944
69.309284
75.201484
69.304842
75.197289
69.301326
75.193604
69.298332
75.190802
69.296028
75.188763
69.294358
75.187120
69.293375
75.186847
69.293089
75.186847
69.293435
75.187364
69.294294
75.189253
69.295601
75.190796
69.298452
75.193845
69.301390
75.197286
69.304902
75.201734
69.309104
75.206691
69.313937
75.212297
69.319587
75.218536
69.325936
75.225163
69.332951
75.233672
69.339479
75.243417
69.347556
75.252647
69.357054
75.261543
69.366751
75.271637
69.377038
75.283721
69.387844
75.295580
69.399141
75.308464
69.411808
75.322403
69.424222
75.336135
69.437764
75.351475
69.451886
75.367103
69.466662
75.383495
69.482100
75.400768
69.498208
75.418581
69.514959
75.437176
69.532367
75.456382
69.550675
75.476064
69.569582
75.497264
69.588810
75.518924
69.608977
75.540969
69.629723
75.563909
69.651133
75.587659
69.673331
75.612044
69.695494
75.637360
69.719629
75.662710
69.744469
75.689806
69.768454
75.716657
69.794134
75.745497
69.820368
75.774404
69.847308
75.803663
69.874755
75.833964
69.902960
75.864770
69.931848
75.896604
69.961310
75.929568
69.991744
75.962560
70.022775
75.996614
70.054415
76.031552
70.086717
76.066865
70.119861
76.103243
70.153647
76.140370
70.188081
76.178267
70.223082
76.216639
70.259073
76.255878
70.295560
76.296125
70.332782
76.337085
70.370733
76.378705
70.409374
76.420982
70.448480
76.463996
70.488824
76.507311
70.529263
76.552968
70.571028
76.598145
70.613470
76.644424
70.656264
76.691565
70.699998
76.739556
70.744313
76.788016
70.790117
76.837453
70.835227
76.887864
70.881782
76.938864
70.929167
76.990573
70.977212
77.043217
71.025957
77.096527
71.075441
77.150833
71.125659
77.205666
71.176785
77.261639
71.228464
77.318010
71.281435
77.375858
71.334216
77.433944
71.388229
77.493170
71.442968
77.553186
71.498470
77.613762
71.554854
77.675607
71.611364
77.738057
71.669680
77.800768
71.728155
77.865312
71.787664
77.930004
71.847903
77.995856
71.908820
78.063097
71.971053
78.130097
72.032050
78.198565
72.095975
78.267698
72.160066
78.337838
72.225467
78.408819
72.290801
78.480647
72.357130
78.553338
72.424513
78.626792
72.492581
78.701340
72.561410
78.776676
72.631747
78.853197
72.701851
78.930213
72.773192
79.008022
72.845499
79.087098
72.918549
79.166930
72.992415
79.247702
73.067078
79.329318
73.142796
79.411907
73.219233
79.495753
73.296390
79.579710
73.374870
79.665113
73.453609
79.751763
73.533235
79.838989
73.614136
79.927488
73.695501
80.016722
73.778110
80.106914
73.861195
80.195583
73.945632
80.289543
74.031372
80.383344
74.117329
80.476899
74.204341
80.572118
74.292062
80.667894
74.380856
80.765007
74.470563
80.863075
74.561177
80.961932
74.652748
81.062292
74.745156
81.163298
74.838713
81.265293
74.933095
81.368393
75.028338
81.472391
75.124643
81.577681
75.221791
81.683979
75.319946
81.791226
75.419238
81.899436
75.519131
82.009030
75.620490
82.119357
75.722732
82.231060
75.825805
82.343646
75.929809
82.457488
76.034972
82.572388
76.141210
82.687940
76.249078
82.804375
76.356016
82.923870
76.465481
83.042875
76.575742
83.163402
76.687140
83.284832
76.799550
83.407365
76.913030
83.531323
77.028188
83.656235
77.142997
83.782649
77.260011
83.910038
77.377430
84.038751
77.496194
84.168610
77.616152
84.299442
77.737131
84.431601
77.859282
84.565064
77.982529
84.699619
78.106939
84.835577
78.232308
84.972715
78.359215
85.111141
78.487067
85.250833
78.616051
85.391704
78.746236
85.533725
78.877550
85.677128
79.010491
85.822281
79.143776
85.968057
79.278780
86.115452
79.415249
86.264517
79.552303
86.414472
79.690891
86.565690
79.830855
86.718795
79.971904
86.872957
80.114274
87.028535
80.258098
87.185165
80.402187
87.343669
80.549135
87.503242
80.696695
87.664522
80.845486
87.826817
80.995669
87.991091
81.147167
88.156618
81.300204
88.323931
81.454274
88.492157
81.609741
88.661840
81.766522
88.833079
81.924699
89.006095
82.084471
89.180514
82.245512
89.356581
82.408013
89.534157
82.571897
89.713286
82.737360
89.893869
82.904542
90.076218
83.072493
90.259998
83.242231
90.445973
83.413907
90.631837
83.586136
90.820947
83.760468
91.011525
83.936348
91.203622
84.113455
91.397478
84.292379
91.592710
84.472837
91.790044
84.654952
91.988896
84.838490
92.189428
85.023813
92.391844
85.210536
92.595865
85.398943
92.802030
85.589163
93.008972
85.781256
93.219866
85.974407
93.430832
86.169686
93.644169
86.366514
93.859197
86.565202
94.076172
86.765579
94.295139
86.967610
94.517117
87.171560
94.738971
87.377132
94.963639
87.584672
95.190660
87.793968
95.419632
88.005199
95.650140
88.217986
95.882675
88.432658
96.117589
88.650029
96.354539
88.868610
96.593705
89.088631
96.835022
89.311737
97.078184
89.536338
97.323548
89.762746
97.571268
89.991390
97.821286
90.221940
98.073404
90.454295
98.327627
90.689131
98.584127
90.926100
98.843024
91.164847
99.104053
91.405967
99.367561
91.649143
99.633636
91.894492
99.901929
92.141906
100.172459
92.391728
100.445648
92.643828
100.720636
92.899097
100.998927
93.154379
101.279645
93.413678
101.563010
93.674532
101.848822
93.938321
102.136560
94.204134
102.427652
94.469582
102.724697
94.743610
103.017823
95.017623
103.316999
95.292518
103.618092
95.570956
103.922715
95.851712
104.229867
96.135271
104.539971
96.421327
104.852808
96.709809
105.168717
97.001329
105.487392
97.295198
105.809214
97.592009
106.133797
97.891532
106.461485
98.193786
106.792219
98.498900
107.126140
98.806847
107.463084
99.117655
107.803170
99.431534
108.146602
99.748394
108.493276
100.067999
108.843064
100.390624
109.196175
100.716360
109.552753
101.045149
109.913078
101.377177
110.276291
101.712025
110.642248
102.050831
111.013565
102.390109
111.388046
102.737435
111.765563
103.085437
112.146842
103.437000
112.531437
103.792010
112.920006
104.150516
113.313017
104.512148
113.709132
104.878119
114.109340
105.246799
114.513607
105.619554
114.921594
105.995896
115.333928
106.375872
115.750181
106.759815
116.170504
107.147478
116.595174
107.538965
117.024249
107.934270
117.457223
108.333506
117.895089
108.737122
118.337037
109.144606
118.783548
109.556180
119.234513
109.971996
119.690184
110.391942
120.150642
110.816087
120.615657
111.244821
121.085605
111.678292
121.560548
112.115497
122.040185
112.557702
122.524894
113.004330
123.014290
113.455491
123.509113
113.911690
124.009206
114.372515
124.514499
114.838457
125.025486
115.308960
125.541581
115.784695
126.063267
116.265448
126.590691
116.751288
127.123502
117.242275
127.662320
117.738820
128.206742
118.239148
128.757486
118.747854
129.314207
119.260469
129.876865
119.779094
130.445690
120.303056
131.021080
120.832937
131.602533
121.368611
132.190743
121.910424
132.785365
122.457997
133.387059
123.012079
133.994891
123.571462
134.610586
124.138850
135.232287
124.711667
135.861660
125.291021
136.498569
125.878119
137.142212
126.470372
137.793742
127.071323
138.452327
127.677186
139.119216
128.291272
139.793807
128.912064
140.476561
129.540542
141.167322
130.176308
141.866175
130.819831
142.573624
131.470915
143.289698
132.129967
144.014098
132.796926
144.747517
133.472068
145.489778
134.155198
146.241566
134.846716
147.002265
135.546903
147.772477
136.255648
148.552291
136.973238
149.342439
137.700146
150.142536
138.435835
150.951591
139.181038
151.772084
139.935169
152.602885
140.699536
153.444259
141.473385
154.296539
142.258032
155.160181
143.051810
156.035046
143.855763
156.921893
144.671321
157.820043
145.497335
158.730006
146.334224
159.652393
147.182185
160.587593
148.041722
161.534959
148.912779
162.495595
149.795733
163.469285
150.690825
164.456782
151.598179
165.457592
152.518096
166.472677
153.450744
167.501994
154.396665
168.546133
155.355785
169.604808
156.328512
170.679021
157.315188
171.768626
158.316010
172.874237
159.331367
173.995072
160.361761
175.134201
161.406882
176.289402
162.467389
177.461924
163.543745
178.652098
164.636858
179.860221
165.745245
181.086446
166.869593
182.333571
168.014456
183.598152
169.174951
184.882268
170.353751
186.187007
171.550671
187.512208
172.766382
188.858826
174.001470
190.227198
175.256263
191.617590
176.530943
193.030742
177.826823
194.467141
179.143426
195.927262
180.481864
197.411818
181.842330
198.921585
183.225644
200.456666
184.632162
202.018138
186.062542
203.606583
187.517583
205.222554
188.997489
206.867390
190.503178
208.540960
192.035316
210.244473
193.594504
211.978763
195.181556
213.744280
196.797157
215.542375
198.441890
217.373544
200.116177
219.238606
201.822933
221.139397
203.559046
223.076308
205.331325
225.050047
207.135420
227.062706
208.973757
229.114020
210.847740
231.206415
212.758804
233.339998
214.706622
235.517822
216.694341
237.737924
218.721391
240.004883
220.789669
242.318682
222.900254
244.681290
225.054750
247.093709
227.254220
249.558078
229.500366
252.075641
231.794452
254.648732
234.138272
257.278591
236.532842
259.967396
238.981065
262.717142
241.483452
265.530351
244.042525
268.408300
246.659970
271.354156
249.338124
274.369775
252.078485
277.457992
254.884456
280.621256
257.756911
283.863482
260.699779
287.185698
263.714630
290.592901
266.804426
294.087027
269.972033
297.671720
273.220650
301.351163
276.553326
305.129558
279.973213
309.008963
283.483865
312.995657
287.089653
317.093256
290.793379
321.307011
294.600139
325.641650
298.513622
330.102872
302.539254
334.695115
306.676998
339.427286
310.946036
344.303543
315.336973
349.330252
319.862019
354.516330
324.526265
359.869139
329.337118
365.396253
334.301113
371.107401
339.426423
377.011729
344.721004
383.120269
350.193540
389.442410
355.853332
395.991102
361.709980
402.778087
367.774982
409.819129
374.058255
417.125936
380.575859
424.716394
387.337809
432.607194
394.359330
440.817104
401.657717
449.365664
409.248912
458.276203
417.150303
467.571953
425.383852
477.279710
433.970783
487.427142
442.935079
498.046873
452.303376
509.173027
462.104121
520.844267
472.369278
533.102095
483.133651
545.993160
494.437006
559.569924
506.320396
573.890288
518.832614
589.017323
532.026814
605.024664
545.962167
621.993192
560.705359
640.016211
576.333589
659.192593
592.929064
679.644668
610.589725
701.506348
629.425606
724.932195
649.563772
750.098202
671.148619
777.213372
694.350843
806.517204
719.364629
838.291044
746.419746
872.865325
775.789437
910.637483
807.793213
952.077662
842.820117
997.756327
881.335563
1048.364679
923.909222
1104.757270
971.243565
1167.993097
1024.213906
1239.407368
1083.927696
1320.696502
1151.804508
1414.070764
1229.694728
1522.433250
1320.060794
1649.696942
1426.243668
1801.243043
1552.901478
1984.698466
1706.724202
2211.212789
1897.673115
2497.763800
2141.260026
2871.492295
2463.024563
3378.671484
2908.186204
4105.012058
3565.086394
5229.040065
4632.584160
7193.943008
6671.278138
11486.166288
12110.847369
28087.237814
71977.770791
66111.694094
17834.940090
15423.944502
7863.797047
8835.955636
5022.235558
6260.225555
3683.714294
4900.452224
2910.968224
4071.228562
2413.637297
3522.848421
2072.715369
3142.965956
1830.820035
2873.979993
1657.296669
2683.737040
1534.701437
2553.381973
1452.810380
2471.684446
1405.712631
2432.284523
