611.248901
611.292713
611.426150
611.648055
611.961728
612.363913
612.854974
613.439433
614.113614
614.880324
615.739977
616.694262
617.743070
618.890186
620.130833
621.472847
622.914671
624.459341
626.108193
627.861649
629.726032
631.700359
633.786833
635.989092
638.309241
640.750951
643.318472
646.013206
648.839228
651.801542
654.902879
658.148587
661.542752
665.091042
668.798503
672.670889
676.714397
680.935065
685.339286
689.937882
694.733852
699.738277
704.960349
710.409037
716.095184
722.029973
728.224253
734.692580
741.447444
748.504342
755.879207
763.588076
771.655687
780.094546
788.931279
798.188496
807.891585
818.069641
828.754374
839.978460
851.779424
864.198400
877.279174
891.072107
905.630512
921.016185
937.295344
954.543445
972.843031
992.288800
1012.983712
1035.050784
1058.618616
1083.843393
1110.898510
1139.984156
1171.328359
1205.201695
1241.909568
1281.818094
1325.353443
1373.026220
1425.443659
1483.340318
1547.611385
1619.353343
1699.936249
1791.083750
1894.995976
2014.535927
2153.488913
2316.964070
2512.040306
2748.813108
3042.178824
3415.093264
3904.851470
4576.392903
5553.679321
7106.525452
9954.424142
16872.599326
58388.507362
38486.808545
14269.917449
8682.675624
6200.437726
4798.258017
3897.576426
3270.484368
2809.031150
2455.474089
2176.129247
1950.036282
1763.458037
1607.028547
1474.122790
1359.953078
1260.951674
1174.414482
1098.251736
1030.830430
970.849564
917.263968
869.223216
826.031287
787.108951
751.975565
720.224661
691.514348
665.552261
642.088341
620.906193
601.819896
584.665770
569.302616
555.602657
543.456588
532.765368
523.441019
515.403604
508.583695
502.914723
498.340292
494.807112
492.268299
490.680188
490.004161
490.205474
491.253690
493.120485
495.783613
499.221957
503.418641
508.365549
514.047998
520.462054
527.607661
535.483718
544.098308
553.462369
563.589168
574.498831
586.214871
598.766519
612.190330
626.524067
641.819362
658.131422
675.522367
694.066099
713.846184
734.959395
757.515841
781.637624
807.470394
835.180332
864.955960
897.018394
931.620530
969.061466
1009.689773
1053.912591
1102.218842
1155.189487
1213.522971
1278.068513
1349.865178
1430.204006
1520.700990
1623.402984
1740.962880
1876.860011
2035.748634
2224.011241
2450.634408
2728.690345
3077.962313
3529.853255
4137.448731
4998.053221
6311.410936
8562.606612
13314.695040
29946.012222
119731.877526
19945.949363
10874.131138
7471.950214
5689.661853
4592.715972
3849.494252
3312.610300
2906.581325
2588.729128
2333.126229
2123.097030
1947.436905
1798.334646
1670.178583
1558.838350
1461.201047
1374.870903
1297.988636
1229.079890
1166.959297
1110.667311
1059.416939
1012.555400
969.541386
929.912361
893.288797
859.334408
827.766498
798.339605
770.842234
745.090053
720.920332
698.188504
676.770225
656.554072
637.440340
619.340476
602.175795
585.872213
570.369453
555.606763
541.532778
528.099541
515.264313
502.987233
491.231504
479.965754
469.159221
458.782458
448.811103
439.222075
429.992860
421.103461
412.535017
404.270446
396.294280
388.589838
381.144576
373.944807
366.979159
360.235437
353.703343
347.372886
341.236218
335.281458
329.502181
323.890920
318.439898
313.142265
307.992263
302.982105
298.107612
293.362244
288.741437
284.240105
279.854399
275.576073
271.407644
267.340577
263.371989
259.497862
255.715342
252.020863
248.411783
244.884715
241.436456
238.066028
234.769734
231.543800
228.388683
225.299610
222.275589
219.314415
216.413504
213.572935
210.789059
208.059956
205.385109
202.762725
200.190222
197.668401
195.200718
192.763922
190.378068
188.039162
185.741988
183.485205
181.269342
179.092793
176.954565
174.853365
172.788233
170.758104
168.762066
166.799679
164.869776
162.971827
161.105555
159.267862
157.460244
155.681453
153.931232
152.207481
150.510596
148.840414
147.195170
145.574549
143.980752
142.407337
140.858695
139.332421
137.828485
136.346017
134.885310
133.444723
132.025004
130.624918
129.244567
127.882812
126.539674
125.216048
123.908563
122.619377
121.347673
120.092437
118.853577
117.630965
116.424109
115.232887
114.057320
112.895840
111.749179
110.616428
109.501222
108.395732
107.305010
106.227369
105.163415
104.112235
103.073268
102.047161
101.033082
100.030796
99.040218
98.061335
97.094882
96.136733
95.191634
94.256714
93.332576
92.418587
91.515282
90.621735
89.737989
88.864275
88.000183
87.145431
86.299787
85.463480
84.636196
83.817717
83.008394
82.206996
81.414494
80.630184
79.854494
79.086375
78.326490
77.574643
76.830561
76.093943
75.364693
74.643740
73.930143
73.223135
72.523757
71.831101
71.146231
70.467870
69.796293
69.131421
68.474434
67.822461
67.177477
66.535169
65.905613
65.279578
64.661136
64.047967
63.440527
62.839962
62.245093
61.655993
61.073102
60.495985
59.924639
59.358768
58.800481
58.246161
57.697521
57.154806
56.617769
56.086263
55.560644
55.039727
54.524821
54.015162
53.511257
53.012473
52.520392
52.030617
51.548246
51.071062
50.598966
50.132230
49.670526
49.214898
48.764060
48.318422
47.878287
47.443372
47.013714
46.589367
46.170392
45.756697
45.348369
44.945309
44.547535
44.155399
43.768457
43.387142
43.011071
42.640284
42.275943
41.915176
41.563659
41.213290
40.871120
40.533924
40.202674
39.877336
39.557972
39.243167
38.934979
38.633042
38.336768
38.046798
37.762509
37.485152
37.213025
36.947401
36.688099
36.435542
36.189045
35.949188
35.715787
35.489045
35.269166
35.055331
34.848882
34.646608
34.456269
34.270804
34.092176
33.920356
33.756134
33.598577
33.448047
33.305394
33.170305
33.042163
32.922142
32.809073
32.706223
32.605147
32.515516
32.433507
32.358430
32.291589
32.232353
32.181475
32.139951
32.102362
32.071874
32.054429
32.043525
32.039277
32.043283
32.055246
32.073714
32.102828
32.138844
32.182232
32.233112
32.291867
32.358809
32.433364
32.514904
32.605703
32.705788
32.809007
32.921921
33.042324
33.170110
33.305407
33.447905
33.598746
33.755770
33.920315
34.091611
34.270844
34.457144
34.647531
34.848498
35.055714
35.269123
35.489089
35.715889
35.949241
36.189180
36.435542
36.688237
36.947418
37.212844
37.485101
37.762740
38.046734
38.336849
38.633091
38.934939
39.243190
39.557247
39.876834
40.202544
40.533894
40.870663
41.213032
41.558326
41.916798
42.275643
42.640551
43.011076
43.387170
43.768551
44.155526
44.547746
44.945334
45.348359
45.756691
46.170447
46.589435
47.013665
47.443449
47.878236
48.318569
48.764108
49.214920
49.670968
50.132264
50.599108
51.071177
51.548284
52.031729
52.521252
53.011823
53.511038
54.015216
54.524635
55.039736
55.559916
56.086512
56.617666
57.154828
57.697364
58.245913
58.799518
59.359710
59.925450
60.496380
61.073066
61.656242
62.245035
62.840005
63.440996
64.048078
64.661834
65.280958
65.904753
66.535169
67.177441
67.821435
68.473842
69.130905
69.795562
70.467614
71.145757
71.831012
72.523582
73.223241
73.929624
74.643894
75.362649
76.094462
76.830437
77.574646
78.326708
79.086551
79.854127
80.630278
81.414503
82.207071
83.007997
83.817627
84.636124
85.463480
86.299779
87.145173
87.999822
88.864297
89.738150
90.621767
91.515101
92.418735
93.332398
94.256621
95.191475
96.137089
97.093267
98.061116
99.040031
100.030567
101.032739
102.047017
103.073235
104.112347
105.163619
106.227548
107.304664
108.394840
109.499340
110.617042
111.749174
112.896108
114.057140
115.232789
116.424185
117.631069
118.853540
120.092331
121.347182
122.619473
123.908760
125.216211
126.539913
127.882904
129.244560
130.624873
132.024967
133.444613
134.885368
136.346268
137.828365
139.332308
140.858216
142.407687
143.974824
145.575931
147.195541
148.840755
150.511147
152.207763
153.931074
155.681478
157.460685
159.267789
161.104755
162.972031
164.869823
166.799761
168.762025
170.757709
172.788109
174.853415
176.955299
179.093671
181.269633
183.485652
185.742335
188.040056
190.379247
192.764490
195.195515
197.666623
200.190056
202.762195
205.384605
208.059750
210.787456
213.572971
216.413062
219.314130
222.275325
225.299540
228.388307
231.544567
234.769468
238.066381
241.436780
244.884659
248.411752
252.020801
255.715151
259.497847
263.371159
267.340651
271.407831
275.578582
279.853756
284.240078
288.741125
293.362244
298.107363
302.982054
307.991223
313.142240
318.439653
323.890848
329.501612
335.280899
341.229097
347.374292
353.703067
360.235752
366.979053
373.945309
381.144453
388.589919
396.293964
404.270775
412.534999
421.103164
429.992951
439.222075
448.811190
458.782168
469.158022
479.965835
491.231854
502.986922
515.264192
528.099778
541.532490
555.606622
570.369151
585.872640
602.174653
619.339921
637.440291
656.553787
676.769602
698.187990
720.917168
745.090850
770.843126
798.340114
827.765969
859.334299
893.288447
929.914344
969.541129
1012.556264
1059.416585
1110.667311
1166.959618
1229.079940
1297.988877
1374.869676
1461.197540
1558.838350
1670.179631
1798.333395
1947.437419
2123.097501
2333.125372
2588.729128
2906.579089
3312.611357
3849.492434
4592.715972
5689.663259
7471.950214
10874.132241
19945.945352
119731.864698
29946.014359
13314.692035
8562.605211
6311.410619
4998.053821
4137.446797
3529.851838
3077.959227
2728.690803
2450.633694
2224.010454
2035.748757
1876.860011
1740.963096
1623.401137
1520.697209
1430.203351
1349.865780
1278.067584
1213.523074
1155.189378
1102.219012
1053.912117
1009.688504
969.062047
931.620664
897.017524
864.956285
835.180145
807.469968
781.636504
757.511922
734.959948
713.846710
694.066279
675.522113
658.131541
641.820531
626.524740
612.189845
598.767040
586.214898
574.498695
563.589251
553.462171
544.098337
535.482814
527.606447
520.461784
514.047055
508.363198
503.418517
499.222787
495.784022
493.120944
491.253578
490.205665
490.004034
490.680299
492.268251
494.807270
498.339979
502.914692
508.578534
515.403665
523.440780
532.765251
543.456760
555.602713
569.301381
584.666759
601.820493
620.906897
642.088487
665.552520
691.514303
720.224661
751.975066
787.108792
826.031249
869.223612
917.263798
970.849628
1030.830187
1098.251451
1174.413471
1260.953409
1359.954641
1474.123468
1607.024035
1763.459243
1950.036089
2176.129247
2455.471849
2809.031506
3270.485285
3897.576940
4798.257809
6200.439662
8682.676546
14269.916328
38486.805219
58388.511747
16872.601222
9954.422937
7106.525733
5553.681302
4576.391810
3904.851342
3415.090628
3042.178003
2748.813380
2512.040704
2316.962883
2153.487520
2014.535803
1894.995449
1791.082215
1699.937646
1619.353883
1547.611305
1483.341077
1425.444711
1373.026038
1325.353302
1281.816826
1241.908813
1205.196509
1171.328733
1139.983607
1110.898341
1083.843739
1058.618794
1035.049576
1012.985717
992.289272
972.843770
954.543379
937.295511
921.016015
905.630616
891.071581
877.278890
864.198039
851.779204
839.978199
828.754072
818.070061
807.891353
798.187791
788.931398
780.094586
771.653622
763.589181
755.880778
748.504551
741.447444
734.692197
728.224296
722.029561
716.095031
710.408905
704.960127
699.738679
694.733672
689.937022
685.341042
680.935432
676.714628
672.671307
668.798877
665.091183
661.542988
658.148183
654.902498
651.801542
648.839108
646.012481
643.316116
640.750707
638.309731
635.989215
633.787080
631.700112
629.726404
627.861947
626.108442
624.459466
622.914922
621.472370
620.130657
618.883445
617.743070
616.694008
615.740408
614.881061
614.113970
613.439687
612.856682
612.364092
611.962289
611.648847
611.427070
611.293429
