373.484751
373.528572
373.660169
373.879681
374.187328
374.583477
375.068494
375.643198
376.307720
377.063448
377.910476
378.850709
379.884954
381.013943
382.239229
383.562882
384.985531
386.509399
388.136373
389.868407
391.707520
393.656140
395.717031
397.892338
400.184957
402.598261
405.135529
407.800196
410.595261
413.525354
416.594433
419.807006
423.168258
426.682698
430.355939
434.193721
438.202383
442.388015
446.757275
451.321289
456.082915
461.052634
466.240868
471.655926
477.309091
483.211376
489.374920
495.812732
502.538836
509.568598
516.917758
524.604256
532.646811
541.066193
549.884306
559.125768
568.816892
578.986156
589.663887
600.886169
612.688721
625.113440
638.205051
652.013612
666.593157
682.005544
698.317845
715.605491
733.952400
753.452387
774.211211
796.347718
819.997675
845.313847
872.470343
901.669077
933.140263
967.150389
1004.010987
1044.087221
1087.806221
1135.679092
1188.314826
1246.449307
1310.976544
1382.998102
1463.883704
1555.357113
1659.622547
1779.543692
1918.905287
2082.822244
2278.375957
2515.659158
2809.572743
3183.073358
3673.467163
4345.686597
5323.700405
6877.321572
9726.054493
16645.119405
58161.982910
38712.318246
14494.336549
8905.931507
6422.450000
5018.942518
4116.845151
3488.243971
3025.175697
2669.894942
2388.720159
2160.673043
1972.013882
1813.362622
1678.100340
1561.419066
1459.744498
1370.365143
1291.183662
1220.555304
1157.168743
1099.970511
1048.099769
1000.848765
957.630539
917.952375
881.398285
847.616880
816.305473
787.205342
760.091606
734.769394
711.068672
688.837789
667.948866
648.282924
629.736825
612.219323
595.647678
579.948166
565.054616
550.907660
537.451858
524.640174
512.426763
500.772481
489.639376
478.994177
468.806013
459.046192
449.689059
440.710754
432.086978
423.801933
415.832711
408.163647
400.776785
393.658759
386.794741
380.171795
373.777570
367.600666
361.630865
355.857690
350.271346
344.865202
339.627772
334.553037
329.634054
324.863517
320.235314
315.742726
311.380231
307.142526
303.024700
299.021529
295.128441
291.341201
287.655542
284.067581
280.573659
277.170384
273.853947
270.621565
267.469785
264.396158
261.397656
258.471665
255.615778
252.827433
250.104299
247.444343
244.845535
242.305689
239.822900
237.395446
235.021733
232.698966
230.427337
228.204096
226.027930
223.897481
221.811417
219.768442
217.767230
215.806771
213.885237
212.002266
210.156294
208.346766
206.572088
204.831724
203.124558
201.449455
199.806146
198.193738
196.610318
195.056442
193.530682
192.032682
190.561270
189.116160
187.696626
186.301796
184.931005
183.584439
182.260524
180.959692
179.679320
178.422799
177.185907
175.969674
174.773039
173.596402
172.438791
171.299759
170.178852
169.075797
167.990443
166.921950
165.870196
164.834677
163.815177
162.811234
161.822675
160.849217
159.890148
158.945549
158.014846
157.098055
156.194803
155.304797
154.427648
153.563091
152.711092
151.871135
151.043422
150.227217
149.422587
148.629205
147.847089
147.075189
146.314629
145.564271
144.824139
144.094106
143.373897
142.663421
141.962611
141.271078
140.588377
139.915013
139.250533
138.594789
137.947454
137.308617
136.678383
136.055394
135.441019
134.834809
134.235793
133.644665
133.060606
132.484190
131.915049
131.352557
130.797285
130.249123
129.707446
129.172653
128.644283
128.122378
127.607419
127.097557
126.594456
126.097100
125.606443
125.120715
124.641572
124.167800
123.699840
123.236601
122.779806
122.327908
121.881554
121.440628
121.003850
120.572434
120.146501
119.725076
119.309431
118.897910
118.490452
118.089160
117.691325
117.298298
116.909558
116.525610
116.145938
115.770576
115.399044
115.032180
114.669064
114.310223
113.955506
113.604646
113.257200
112.914242
112.574784
112.239220
111.907419
111.579253
111.254529
110.933715
110.616322
110.302345
109.991814
109.684851
109.381044
109.080810
108.783517
108.489860
108.199347
107.911630
107.627650
107.346302
107.068292
106.793024
106.520850
106.252210
105.985719
105.722514
105.462148
105.204456
104.949904
104.697994
104.452077
104.200654
103.958018
103.716377
103.478428
103.242566
103.009026
102.778471
102.550007
102.324306
102.100881
101.880124
101.661630
101.445755
101.232155
101.020791
100.811895
100.605268
100.400925
100.198787
99.998740
99.801326
99.605888
99.412842
99.221708
99.032882
98.846096
98.661447
98.478845
98.298384
98.119805
97.943508
97.769080
97.596777
97.426149
97.257727
97.091085
96.926680
96.764070
96.603288
96.444426
96.287432
96.132050
95.978885
95.827247
95.677595
95.529712
95.383877
95.239383
95.097062
94.955649
94.819128
94.678532
94.543992
94.410196
94.278168
94.147335
94.018594
93.891222
93.765525
93.641244
93.519273
93.398382
93.279182
93.162382
93.044932
92.930712
92.817945
92.706637
92.596666
92.488428
92.381528
92.276228
92.172520
92.070068
91.969270
91.869850
91.771929
91.675426
91.580443
91.486834
91.394764
91.303997
91.214601
91.126672
91.040245
90.955174
90.871497
90.789140
90.708195
90.628674
90.550443
90.473499
90.397986
90.323856
90.251028
90.179511
90.109493
90.040372
89.972907
89.906494
89.841720
89.778074
89.715738
89.654597
89.594867
89.536425
89.479146
89.423173
89.368575
89.315124
89.263020
89.212010
89.162436
89.114168
89.066847
89.021112
88.976318
88.932660
88.890522
88.849369
88.809806
88.771146
88.733793
88.697572
88.662842
88.629149
88.596577
88.567451
88.533947
88.506094
88.478615
88.452044
88.426617
88.402489
88.379600
88.357743
88.337543
88.317866
88.299644
88.282550
88.266791
88.252053
88.238590
88.225959
88.215628
88.205050
88.195055
88.188671
88.182276
88.177098
88.173017
88.170007
88.168451
88.167787
88.168216
88.170370
88.172787
88.177339
88.182384
88.188331
88.196439
88.205404
88.215673
88.226407
88.238737
88.252241
88.266888
88.282760
88.299616
88.317960
88.337228
88.357959
88.379602
88.402538
88.426672
88.452124
88.478557
88.505823
88.535924
88.565257
88.596787
88.629005
88.662928
88.697762
88.733741
88.771179
88.809855
88.849606
88.890511
88.932732
88.976041
89.021553
89.067862
89.114045
89.162469
89.211983
89.263116
89.315135
89.368597
89.423247
89.479154
89.536404
89.594944
89.654703
89.715754
89.778101
89.841788
89.906733
89.972771
90.040434
90.109498
90.179552
90.251058
90.323886
90.397959
90.473588
90.550438
90.628637
90.708302
90.789183
90.871481
90.955250
91.040336
91.126731
91.214826
91.304008
91.394770
91.486861
91.580454
91.675469
91.771929
91.869807
91.969191
92.070095
92.172382
92.276144
92.381412
92.488365
92.596698
92.706521
92.817987
92.930770
93.045714
93.161308
93.278994
93.398147
93.519195
93.641515
93.765514
93.891165
94.018433
94.147231
94.278391
94.410046
94.543651
94.680389
94.814447
94.956626
95.097149
95.239383
95.384368
95.529671
95.677896
95.827563
95.978905
96.132289
96.287290
96.444436
96.603314
96.764029
96.926871
97.091381
97.257782
97.426154
97.596827
97.769200
97.943577
98.119984
98.298334
98.478940
98.661481
98.846126
99.033000
99.221678
99.412758
99.606065
99.801512
99.999072
100.198894
100.400978
100.605122
100.811924
101.020921
101.232208
101.445750
101.661788
101.880301
102.100952
102.324316
102.550169
102.778400
103.009253
103.242679
103.478513
103.716970
103.958408
104.202890
104.449164
104.697733
104.949281
105.204331
105.461852
105.722246
105.985641
106.251903
106.520932
106.793020
107.068251
107.346229
107.626996
107.912553
108.199207
108.489919
108.783396
109.080828
109.381147
109.684856
109.991908
110.302239
110.616278
110.933728
111.254586
111.579305
111.907437
112.239386
112.574910
112.914203
113.257355
113.604758
113.955481
114.310245
114.669234
115.032073
115.399252
115.770466
116.145963
116.525836
116.909566
117.298373
117.691607
118.088945
118.491561
118.897597
119.309394
119.725072
120.147204
120.572851
121.003866
121.440745
121.881703
122.328064
122.779731
123.236803
123.700096
124.167784
124.641282
125.120805
125.605689
126.097460
126.594298
127.097342
127.606956
128.122088
128.644313
129.172562
129.707506
130.248973
130.797337
131.352445
131.914716
132.484028
133.060291
133.644073
134.234803
134.834013
135.441365
136.055854
136.678026
137.308638
137.947595
138.594733
139.250442
139.915104
140.588523
141.270871
141.962624
142.663386
143.373917
144.094024
144.824139
145.564191
146.314569
147.075515
147.846739
148.629258
149.422573
150.227178
151.043331
151.871309
152.711092
153.563110
154.427648
155.304741
156.194740
157.098123
158.014914
158.945451
159.890038
160.849023
161.822868
162.811336
163.815135
164.834647
165.870137
166.922050
167.990333
169.075929
170.178893
171.299713
172.438644
173.596318
174.772978
175.969480
177.185466
178.422887
179.680299
180.959341
182.260749
183.584492
184.931396
186.301849
187.696584
189.116191
190.561383
192.032580
193.530793
195.056542
196.610417
198.193561
199.806332
201.449649
203.124385
204.831638
206.572192
208.346757
210.156359
212.002183
213.885292
215.806581
217.767266
219.768424
221.811470
223.897516
226.027947
228.204079
230.427363
232.699578
235.021093
237.395372
239.822884
242.305681
244.845455
247.444391
250.104322
252.827310
255.615732
258.471695
261.397566
264.396054
267.469931
270.621420
273.853833
277.170257
280.573882
284.067719
287.655488
291.341134
295.128349
299.021634
303.024751
307.142691
311.380256
315.742664
320.235033
324.863553
329.633710
334.553002
339.627346
344.864126
350.272517
355.857745
361.631027
367.600858
373.777800
380.172021
386.794923
393.658958
400.776941
408.163130
415.832749
423.801859
432.088153
440.710329
449.688851
459.046090
468.805480
478.994128
489.639488
500.772466
512.427037
524.639906
537.452033
550.907206
565.054643
579.948327
595.647835
612.219502
629.737296
648.283093
667.948983
688.839241
711.066475
734.768671
760.091113
787.205580
816.305435
847.616732
881.398321
917.951762
957.630442
1000.848983
1048.099530
1099.970227
1157.169067
1220.555406
1291.183566
1370.365599
1459.745098
1561.418906
1678.100265
1813.362967
1972.013121
2160.673969
2388.720159
2669.896440
3025.175532
3488.243397
4116.844666
5018.942917
6422.451245
8905.931057
14494.334893
38712.316593
58161.982910
16645.119405
9726.054493
6877.320990
5323.700029
4345.687057
3673.467163
3183.075243
2809.572743
2515.658959
2278.375408
2082.822604
1918.905026
1779.544183
1659.622321
1555.355908
1463.883363
1382.998463
1310.976640
1246.449307
1188.315509
1135.679147
1087.806164
1044.086802
1004.011236
967.150551
933.140296
901.669597
872.470881
845.313810
819.997675
796.348542
774.209435
753.451475
733.951718
715.605535
698.317711
682.005384
666.593157
652.013109
638.204929
625.113390
612.688823
600.886090
589.664179
578.986345
568.816699
559.126048
549.884107
541.065933
532.646635
524.604136
516.917335
509.568537
502.538804
495.812591
489.374761
483.211296
477.308748
471.655744
466.240482
461.052956
456.082452
451.320337
446.759391
442.388492
438.202810
434.193901
430.355921
426.682662
423.168351
419.807210
416.594415
413.525449
410.595071
407.799219
405.132579
402.598222
400.185543
397.892416
395.717090
393.656437
391.707739
389.868367
388.136614
386.509581
384.985653
383.562882
382.239454
381.014107
379.884933
378.851039
377.910745
377.063324
376.307741
375.643302
375.068015
374.583227
374.187119
373.879702
373.660169
373.528697
